0,-100.0
1,-100.0
2,-100.0
3,-100.0
4,-100.0
5,-100.0
6,-100.0
7,-100.0
8,-100.0
9,-100.0
10,-100.0
11,-100.0
12,-100.0
13,-100.0
14,-99.0
15,-99.0
16,-99.0
17,-99.0
18,-99.0
19,-99.0
20,-98.0
21,-98.0
22,-98.0
23,-98.0
24,-98.0
25,-98.0
26,-98.0
27,-98.0
28,-98.0
29,-98.0
30,-98.0
31,-98.0
32,-98.0
33,-98.0
34,-98.0
35,-98.0
36,-98.0
37,-98.0
38,-98.0
39,-98.0
40,-98.0
41,-98.0
42,-98.0
43,-98.0
44,-98.0
45,-98.0
46,-88.0
47,-88.0
48,-88.0
49,-88.0
50,-88.0
51,-88.0
52,-88.0
53,-88.0
54,-88.0
55,-88.0
56,-88.0
57,-88.0
58,-88.0
59,-88.0
60,-88.0
61,-87.0
62,-87.0
63,-86.0
64,-85.0
65,-85.0
66,-85.0
67,-85.0
68,-85.0
69,-84.0
70,-84.0
71,-84.0
72,-83.0
73,-83.0
74,-82.0
75,-82.0
76,-82.0
77,-82.0
78,-82.0
79,-82.0
80,-82.0
81,-81.0
82,-81.0
83,-81.0
84,-71.0
85,-86.0
86,-71.0
87,-70.0
88,-70.0
89,-70.0
90,-70.0
91,-70.0
92,-70.0
93,-69.0
94,-69.0
95,-59.0
96,-85.0
97,-59.0
98,-59.0
99,-59.0
100,-58.0
101,-58.0
102,-58.0
103,-57.0
104,-57.0
105,-57.0
106,-57.0
107,-57.0
108,-57.0
109,-57.0
110,-57.0
111,-57.0
112,-57.0
113,-57.0
114,-57.0
115,-88.0
116,-57.0
117,-57.0
118,-57.0
119,-57.0
120,-57.0
121,-57.0
122,-57.0
123,-57.0
124,-57.0
125,-57.0
126,-57.0
127,-57.0
128,-57.0
129,-71.0
130,-57.0
131,-57.0
132,-57.0
133,-57.0
134,-57.0
135,-57.0
136,-57.0
137,-57.0
138,-83.0
139,-57.0
140,-57.0
141,-57.0
142,-57.0
143,-57.0
144,-57.0
145,-47.0
146,-47.0
147,-47.0
148,-47.0
149,-37.0
150,-37.0
151,-37.0
152,-37.0
153,-37.0
154,-37.0
155,-37.0
156,-37.0
157,-37.0
158,-37.0
159,-37.0
160,-37.0
161,-37.0
162,-37.0
163,-36.0
164,-36.0
165,-35.0
166,-35.0
167,-34.0
168,-34.0
169,-34.0
170,-34.0
171,-34.0
172,-34.0
173,-34.0
174,-47.0
175,-34.0
176,-71.0
177,-34.0
178,-87.0
179,-34.0
180,-34.0
181,-34.0
182,-34.0
183,-34.0
184,-34.0
185,-34.0
186,-34.0
187,-34.0
188,-34.0
189,-34.0
190,-33.0
191,-33.0
192,-31.0
193,-31.0
194,79.0
195,79.0
196,79.0
197,79.0
198,79.0
199,79.0
200,79.0
201,79.0
202,79.0
203,79.0
204,79.0
205,79.0
206,79.0
207,79.0
208,79.0
209,79.0
210,79.0
211,79.0
212,79.0
213,79.0
214,79.0
215,79.0
216,79.0
217,79.0
218,79.0
219,79.0
220,79.0
221,79.0
222,79.0
223,79.0
224,79.0
225,79.0
226,79.0
227,79.0
228,79.0
229,79.0
230,79.0
231,79.0
232,79.0
233,79.0
234,79.0
235,79.0
236,79.0
237,79.0
238,79.0
239,79.0
240,79.0
241,79.0
242,79.0
243,79.0
244,79.0
245,79.0
246,79.0
247,79.0
248,79.0
249,79.0
250,79.0
251,79.0
252,79.0
253,79.0
254,79.0
255,79.0
256,79.0
257,79.0
258,79.0
259,79.0
260,79.0
261,79.0
262,79.0
263,79.0
264,79.0
265,79.0
266,79.0
267,79.0
268,79.0
269,79.0
270,79.0
271,79.0
272,79.0
273,79.0
274,79.0
275,79.0
276,79.0
277,79.0
278,79.0
279,79.0
280,79.0
281,79.0
282,79.0
283,79.0
284,-100.0
285,79.0
286,79.0
287,79.0
288,-70.0
289,79.0
290,79.0
291,79.0
292,79.0
293,79.0
294,79.0
295,79.0
296,79.0
297,79.0
298,79.0
299,79.0
300,79.0
301,79.0
302,79.0
303,79.0
304,79.0
305,79.0
306,79.0
307,-69.0
308,79.0
309,79.0
310,79.0
311,79.0
312,79.0
313,79.0
314,79.0
315,79.0
316,79.0
317,-85.0
318,79.0
319,79.0
320,79.0
321,79.0
322,79.0
323,79.0
324,79.0
325,79.0
326,79.0
327,79.0
328,79.0
329,79.0
330,79.0
331,79.0
332,79.0
333,79.0
334,79.0
335,79.0
336,79.0
337,79.0
338,79.0
339,79.0
340,79.0
341,79.0
342,79.0
343,79.0
344,79.0
345,79.0
346,79.0
347,-99.0
348,79.0
349,79.0
350,79.0
351,79.0
352,79.0
353,79.0
354,79.0
355,79.0
356,79.0
357,79.0
358,79.0
359,79.0
360,79.0
361,79.0
362,79.0
363,79.0
364,79.0
365,79.0
366,79.0
367,79.0
368,79.0
369,79.0
370,79.0
371,-57.0
372,79.0
373,79.0
374,79.0
375,79.0
376,79.0
377,79.0
378,79.0
379,79.0
380,79.0
381,79.0
382,79.0
383,79.0
384,79.0
385,79.0
386,79.0
387,79.0
388,79.0
389,79.0
390,79.0
391,79.0
392,79.0
393,79.0
394,79.0
395,79.0
396,79.0
397,79.0
398,79.0
399,79.0
400,79.0
401,79.0
402,79.0
403,79.0
404,-87.0
405,-70.0
406,79.0
407,79.0
408,79.0
409,79.0
410,79.0
411,79.0
412,79.0
413,79.0
414,79.0
415,79.0
416,79.0
417,79.0
418,79.0
419,79.0
420,79.0
421,79.0
422,79.0
423,79.0
424,79.0
425,79.0
426,79.0
427,79.0
428,79.0
429,79.0
430,79.0
431,79.0
432,79.0
433,79.0
434,79.0
435,79.0
436,79.0
437,79.0
438,79.0
439,79.0
440,79.0
441,79.0
442,79.0
443,79.0
444,79.0
445,-100.0
446,79.0
447,79.0
448,79.0
449,79.0
450,79.0
451,79.0
452,79.0
453,79.0
454,79.0
455,79.0
456,79.0
457,79.0
458,-59.0
459,79.0
460,79.0
461,79.0
462,79.0
463,79.0
464,79.0
465,79.0
466,79.0
467,79.0
468,79.0
469,79.0
470,79.0
471,79.0
472,79.0
473,79.0
474,79.0
475,79.0
476,79.0
477,79.0
478,79.0
479,79.0
480,79.0
481,79.0
482,79.0
483,79.0
484,79.0
485,79.0
486,79.0
487,79.0
488,79.0
489,79.0
490,79.0
491,79.0
492,79.0
493,-59.0
494,79.0
495,79.0
496,79.0
497,79.0
498,79.0
499,79.0
500,79.0
501,79.0
502,79.0
503,79.0
504,79.0
505,79.0
506,79.0
507,79.0
508,79.0
509,79.0
510,79.0
511,79.0
512,79.0
513,79.0
514,79.0
515,79.0
516,-34.0
517,79.0
518,79.0
519,79.0
520,79.0
521,79.0
522,79.0
523,79.0
524,79.0
525,79.0
526,79.0
527,79.0
528,79.0
529,-82.0
530,79.0
531,79.0
532,79.0
533,79.0
534,79.0
535,79.0
536,79.0
537,79.0
538,79.0
539,79.0
540,79.0
541,79.0
542,79.0
543,79.0
544,79.0
545,79.0
546,79.0
547,79.0
548,79.0
549,79.0
550,79.0
551,79.0
552,79.0
553,79.0
554,79.0
555,79.0
556,-34.0
557,79.0
558,79.0
559,79.0
560,79.0
561,79.0
562,79.0
563,79.0
564,79.0
565,79.0
566,79.0
567,79.0
568,79.0
569,79.0
570,79.0
571,79.0
572,79.0
573,79.0
574,79.0
575,79.0
576,79.0
577,79.0
578,79.0
579,79.0
580,-85.0
581,79.0
582,79.0
583,79.0
584,79.0
585,79.0
586,79.0
587,79.0
588,79.0
589,79.0
590,79.0
591,79.0
592,79.0
593,79.0
594,79.0
595,79.0
596,79.0
597,79.0
598,79.0
599,79.0
600,79.0
601,79.0
602,79.0
603,79.0
604,79.0
605,79.0
606,79.0
607,79.0
608,79.0
609,79.0
610,79.0
611,79.0
612,79.0
613,79.0
614,79.0
615,79.0
616,79.0
617,79.0
618,79.0
619,79.0
620,79.0
621,79.0
622,79.0
623,79.0
624,79.0
625,-70.0
626,79.0
627,79.0
628,79.0
629,79.0
630,79.0
631,79.0
632,79.0
633,79.0
634,79.0
635,79.0
636,79.0
637,79.0
638,79.0
639,79.0
640,79.0
641,79.0
642,79.0
643,79.0
644,79.0
645,79.0
646,79.0
647,79.0
648,79.0
649,79.0
650,79.0
651,79.0
652,79.0
653,79.0
654,79.0
655,-58.0
656,-31.0
657,79.0
658,79.0
659,79.0
660,79.0
661,79.0
662,79.0
663,79.0
664,79.0
665,79.0
666,79.0
667,79.0
668,79.0
669,79.0
670,79.0
671,79.0
672,79.0
673,79.0
674,79.0
675,79.0
676,79.0
677,79.0
678,79.0
679,79.0
680,79.0
681,79.0
682,79.0
683,79.0
684,79.0
685,79.0
686,79.0
687,79.0
688,79.0
689,79.0
690,79.0
691,79.0
692,79.0
693,79.0
694,79.0
695,79.0
696,79.0
697,79.0
698,79.0
699,79.0
700,79.0
701,79.0
702,79.0
703,79.0
704,79.0
705,79.0
706,79.0
707,79.0
708,79.0
709,79.0
710,79.0
711,80.0
712,80.0
713,80.0
714,80.0
715,80.0
716,80.0
717,-99.0
718,80.0
719,80.0
720,80.0
721,80.0
722,80.0
723,80.0
724,80.0
725,80.0
726,80.0
727,80.0
728,80.0
729,80.0
730,80.0
731,80.0
732,80.0
733,80.0
734,80.0
735,80.0
736,80.0
737,80.0
738,80.0
739,80.0
740,-85.0
741,80.0
742,80.0
743,80.0
744,80.0
745,80.0
746,80.0
747,80.0
748,80.0
749,80.0
750,80.0
751,80.0
752,80.0
753,80.0
754,80.0
755,80.0
756,80.0
757,-98.0
758,-70.0
759,80.0
760,80.0
761,80.0
762,80.0
763,-98.0
764,80.0
765,80.0
766,80.0
767,80.0
768,80.0
769,80.0
770,80.0
771,80.0
772,80.0
773,80.0
774,80.0
775,80.0
776,80.0
777,80.0
778,80.0
779,80.0
780,80.0
781,80.0
782,80.0
783,80.0
784,80.0
785,80.0
786,80.0
787,80.0
788,80.0
789,80.0
790,80.0
791,80.0
792,80.0
793,80.0
794,80.0
795,80.0
796,80.0
797,80.0
798,80.0
799,80.0
800,80.0
801,80.0
802,80.0
803,80.0
804,80.0
805,80.0
806,80.0
807,80.0
808,80.0
809,80.0
810,80.0
811,80.0
812,-33.0
813,80.0
814,80.0
815,80.0
816,80.0
817,80.0
818,80.0
819,80.0
820,80.0
821,80.0
822,80.0
823,80.0
824,80.0
825,80.0
826,80.0
827,80.0
828,80.0
829,80.0
830,80.0
831,80.0
832,80.0
833,80.0
834,80.0
835,80.0
836,80.0
837,80.0
838,80.0
839,80.0
840,80.0
841,80.0
842,80.0
843,80.0
844,80.0
845,80.0
846,80.0
847,80.0
848,80.0
849,80.0
850,80.0
851,80.0
852,80.0
853,80.0
854,-99.0
855,80.0
856,80.0
857,80.0
858,80.0
859,-35.0
860,80.0
861,-83.0
862,80.0
863,80.0
864,80.0
865,80.0
866,80.0
867,80.0
868,80.0
869,80.0
870,80.0
871,80.0
872,80.0
873,80.0
874,80.0
875,80.0
876,80.0
877,80.0
878,80.0
879,80.0
880,80.0
881,80.0
882,80.0
883,80.0
884,80.0
885,80.0
886,80.0
887,80.0
888,80.0
889,80.0
890,80.0
891,80.0
892,80.0
893,80.0
894,80.0
895,80.0
896,80.0
897,80.0
898,80.0
899,80.0
900,80.0
901,80.0
902,80.0
903,80.0
904,80.0
905,80.0
906,80.0
907,80.0
908,80.0
909,80.0
910,80.0
911,80.0
912,80.0
913,80.0
914,80.0
915,80.0
916,80.0
917,80.0
918,80.0
919,80.0
920,80.0
921,80.0
922,80.0
923,80.0
924,80.0
925,80.0
926,80.0
927,80.0
928,80.0
929,80.0
930,80.0
931,80.0
932,80.0
933,80.0
934,80.0
935,-85.0
936,80.0
937,80.0
938,80.0
939,80.0
940,80.0
941,-47.0
942,80.0
943,80.0
944,80.0
945,80.0
946,80.0
947,80.0
948,80.0
949,80.0
950,80.0
951,80.0
952,80.0
953,80.0
954,80.0
955,80.0
956,80.0
957,80.0
958,80.0
959,-98.0
960,80.0
961,80.0
962,80.0
963,-68.0
964,80.0
965,80.0
966,80.0
967,80.0
968,80.0
969,80.0
970,80.0
971,80.0
972,80.0
973,80.0
974,80.0
975,80.0
976,80.0
977,80.0
978,80.0
979,80.0
980,80.0
981,80.0
982,80.0
983,80.0
984,80.0
985,80.0
986,80.0
987,-36.0
988,80.0
989,80.0
990,80.0
991,80.0
992,80.0
993,80.0
994,80.0
995,80.0
996,80.0
997,80.0
998,80.0
999,80.0
1000,80.0
1001,80.0
1002,80.0
1003,80.0
1004,80.0
1005,80.0
1006,80.0
1007,80.0
1008,80.0
1009,80.0
1010,-69.0
1011,80.0
1012,80.0
1013,80.0
1014,80.0
1015,80.0
1016,80.0
1017,-82.0
1018,80.0
1019,80.0
1020,80.0
1021,-98.0
1022,80.0
1023,80.0
1024,80.0
1025,80.0
1026,80.0
1027,80.0
1028,80.0
1029,80.0
1030,80.0
1031,80.0
1032,80.0
1033,80.0
1034,80.0
1035,80.0
1036,80.0
1037,80.0
1038,80.0
1039,80.0
1040,-82.0
1041,80.0
1042,80.0
1043,80.0
1044,80.0
1045,80.0
1046,80.0
1047,-98.0
1048,80.0
1049,80.0
1050,80.0
1051,80.0
1052,80.0
1053,80.0
1054,80.0
1055,80.0
1056,80.0
1057,80.0
1058,80.0
1059,80.0
1060,80.0
1061,80.0
1062,80.0
1063,80.0
1064,-98.0
1065,80.0
1066,80.0
1067,80.0
1068,80.0
1069,80.0
1070,80.0
1071,80.0
1072,80.0
1073,80.0
1074,80.0
1075,80.0
1076,80.0
1077,80.0
1078,80.0
1079,80.0
1080,80.0
1081,80.0
1082,80.0
1083,80.0
1084,-88.0
1085,80.0
1086,80.0
1087,80.0
1088,80.0
1089,80.0
1090,80.0
1091,80.0
1092,80.0
1093,80.0
1094,80.0
1095,80.0
1096,80.0
1097,80.0
1098,80.0
1099,80.0
1100,80.0
1101,80.0
1102,80.0
1103,80.0
1104,80.0
1105,80.0
1106,80.0
1107,80.0
1108,80.0
1109,80.0
1110,-100.0
1111,80.0
1112,80.0
1113,80.0
1114,80.0
1115,80.0
1116,80.0
1117,80.0
1118,-34.0
1119,80.0
1120,80.0
1121,80.0
1122,80.0
1123,80.0
1124,80.0
1125,80.0
1126,80.0
1127,80.0
1128,80.0
1129,80.0
1130,80.0
1131,80.0
1132,80.0
1133,80.0
1134,80.0
1135,80.0
1136,-99.0
1137,80.0
1138,80.0
1139,80.0
1140,80.0
1141,80.0
1142,80.0
1143,80.0
1144,80.0
1145,80.0
1146,80.0
1147,80.0
1148,80.0
1149,80.0
1150,80.0
1151,80.0
1152,80.0
1153,80.0
1154,80.0
1155,80.0
1156,80.0
1157,80.0
1158,80.0
1159,80.0
1160,80.0
1161,80.0
1162,80.0
1163,80.0
1164,80.0
1165,80.0
1166,80.0
1167,80.0
1168,80.0
1169,80.0
1170,80.0
1171,80.0
1172,80.0
1173,80.0
1174,80.0
1175,80.0
1176,80.0
1177,80.0
1178,80.0
1179,80.0
1180,80.0
1181,80.0
1182,-57.0
1183,80.0
1184,80.0
1185,80.0
1186,80.0
1187,80.0
1188,80.0
1189,80.0
1190,80.0
1191,80.0
1192,80.0
1193,80.0
1194,80.0
1195,80.0
1196,80.0
1197,80.0
1198,80.0
1199,80.0
1200,80.0
1201,80.0
1202,80.0
1203,80.0
1204,-33.0
1205,-81.0
1206,80.0
1207,80.0
1208,80.0
1209,80.0
1210,80.0
1211,80.0
1212,80.0
1213,80.0
1214,80.0
1215,80.0
1216,80.0
1217,80.0
1218,80.0
1219,80.0
1220,80.0
1221,80.0
1222,80.0
1223,80.0
1224,80.0
1225,80.0
1226,80.0
1227,80.0
1228,80.0
1229,80.0
1230,80.0
1231,80.0
1232,80.0
1233,80.0
1234,80.0
1235,80.0
1236,80.0
1237,80.0
1238,80.0
1239,80.0
1240,80.0
1241,80.0
1242,80.0
1243,80.0
1244,80.0
1245,80.0
1246,80.0
1247,80.0
1248,80.0
1249,80.0
1250,80.0
1251,80.0
1252,80.0
1253,80.0
1254,80.0
1255,80.0
1256,80.0
1257,80.0
1258,80.0
1259,80.0
1260,80.0
1261,80.0
1262,80.0
1263,80.0
1264,80.0
1265,80.0
1266,80.0
1267,80.0
1268,80.0
1269,80.0
1270,80.0
1271,80.0
1272,80.0
1273,80.0
1274,80.0
1275,80.0
1276,80.0
1277,80.0
1278,80.0
1279,80.0
1280,-58.0
1281,80.0
1282,80.0
1283,80.0
1284,80.0
1285,80.0
1286,80.0
1287,80.0
1288,80.0
1289,80.0
1290,80.0
1291,80.0
1292,80.0
1293,80.0
1294,80.0
1295,80.0
1296,80.0
1297,80.0
1298,80.0
1299,80.0
1300,80.0
1301,80.0
1302,80.0
1303,80.0
1304,80.0
1305,80.0
1306,80.0
1307,80.0
1308,80.0
1309,80.0
1310,80.0
1311,80.0
1312,80.0
1313,80.0
1314,80.0
1315,80.0
1316,80.0
1317,80.0
1318,80.0
1319,-31.0
1320,80.0
1321,80.0
1322,80.0
1323,80.0
1324,80.0
1325,80.0
1326,80.0
1327,80.0
1328,80.0
1329,80.0
1330,80.0
1331,80.0
1332,80.0
1333,80.0
1334,80.0
1335,-58.0
1336,80.0
1337,80.0
1338,80.0
1339,80.0
1340,80.0
1341,80.0
1342,80.0
1343,80.0
1344,80.0
1345,80.0
1346,80.0
1347,80.0
1348,80.0
1349,80.0
1350,80.0
1351,80.0
1352,80.0
1353,80.0
1354,80.0
1355,80.0
1356,80.0
1357,80.0
1358,80.0
1359,80.0
1360,80.0
1361,80.0
1362,80.0
1363,80.0
1364,80.0
1365,80.0
1366,80.0
1367,80.0
1368,80.0
1369,80.0
1370,80.0
1371,80.0
1372,80.0
1373,80.0
1374,80.0
1375,80.0
1376,80.0
1377,80.0
1378,80.0
1379,80.0
1380,80.0
1381,80.0
1382,80.0
1383,80.0
1384,80.0
1385,80.0
1386,80.0
1387,80.0
1388,80.0
1389,80.0
1390,80.0
1391,80.0
1392,80.0
1393,80.0
1394,80.0
1395,80.0
1396,80.0
1397,80.0
1398,80.0
1399,80.0
1400,80.0
1401,80.0
1402,80.0
1403,80.0
1404,-98.0
1405,80.0
1406,80.0
1407,80.0
1408,80.0
1409,80.0
1410,80.0
1411,80.0
1412,80.0
1413,80.0
1414,80.0
1415,80.0
1416,80.0
1417,80.0
1418,80.0
1419,80.0
1420,80.0
1421,80.0
1422,80.0
1423,80.0
1424,80.0
1425,80.0
1426,80.0
1427,80.0
1428,80.0
1429,80.0
1430,80.0
1431,80.0
1432,80.0
1433,80.0
1434,80.0
1435,80.0
1436,80.0
1437,80.0
1438,80.0
1439,80.0
1440,80.0
1441,80.0
1442,80.0
1443,80.0
1444,80.0
1445,80.0
1446,80.0
1447,80.0
1448,80.0
1449,80.0
1450,80.0
1451,80.0
1452,80.0
1453,80.0
1454,80.0
1455,80.0
1456,80.0
1457,80.0
1458,80.0
1459,80.0
1460,-59.0
1461,80.0
1462,80.0
1463,80.0
1464,80.0
1465,80.0
1466,80.0
1467,80.0
1468,80.0
1469,80.0
1470,80.0
1471,80.0
1472,80.0
1473,80.0
1474,80.0
1475,80.0
1476,80.0
1477,80.0
1478,80.0
1479,80.0
1480,80.0
1481,80.0
1482,80.0
1483,80.0
1484,80.0
1485,80.0
1486,80.0
1487,80.0
1488,80.0
1489,80.0
1490,80.0
1491,80.0
1492,80.0
1493,80.0
1494,80.0
1495,80.0
1496,-100.0
1497,80.0
1498,80.0
1499,80.0
1500,80.0
1501,80.0
1502,80.0
1503,80.0
1504,80.0
1505,80.0
1506,80.0
1507,80.0
1508,80.0
1509,80.0
1510,80.0
1511,80.0
1512,80.0
1513,80.0
1514,80.0
1515,-99.0
1516,80.0
1517,80.0
1518,80.0
1519,80.0
1520,80.0
1521,80.0
1522,-59.0
1523,80.0
1524,80.0
1525,80.0
1526,80.0
1527,80.0
1528,80.0
1529,80.0
1530,80.0
1531,80.0
1532,80.0
1533,80.0
1534,80.0
1535,80.0
1536,80.0
1537,80.0
1538,80.0
1539,80.0
1540,80.0
1541,80.0
1542,80.0
1543,80.0
1544,80.0
1545,80.0
1546,80.0
1547,80.0
1548,80.0
1549,80.0
1550,80.0
1551,80.0
1552,80.0
1553,80.0
1554,80.0
1555,80.0
1556,80.0
1557,80.0
1558,80.0
1559,80.0
1560,80.0
1561,80.0
1562,80.0
1563,80.0
1564,80.0
1565,80.0
1566,80.0
1567,80.0
1568,80.0
1569,80.0
1570,80.0
1571,80.0
1572,80.0
1573,80.0
1574,80.0
1575,80.0
1576,80.0
1577,80.0
1578,80.0
1579,80.0
1580,80.0
1581,80.0
1582,80.0
1583,80.0
1584,80.0
1585,80.0
1586,80.0
1587,80.0
1588,80.0
1589,80.0
1590,80.0
1591,80.0
1592,80.0
1593,80.0
1594,80.0
1595,80.0
1596,80.0
1597,80.0
1598,80.0
1599,80.0
1600,80.0
1601,80.0
1602,80.0
1603,80.0
1604,-59.0
1605,80.0
1606,80.0
1607,80.0
1608,80.0
1609,80.0
1610,80.0
1611,80.0
1612,80.0
1613,80.0
1614,80.0
1615,80.0
1616,80.0
1617,80.0
1618,80.0
1619,80.0
1620,80.0
1621,80.0
1622,80.0
1623,80.0
1624,80.0
1625,80.0
1626,80.0
1627,80.0
1628,80.0
1629,80.0
1630,80.0
1631,80.0
1632,80.0
1633,80.0
1634,80.0
1635,80.0
1636,80.0
1637,80.0
1638,80.0
1639,80.0
1640,80.0
1641,80.0
1642,80.0
1643,-57.0
1644,80.0
1645,80.0
1646,80.0
1647,80.0
1648,80.0
1649,-34.0
1650,80.0
1651,80.0
1652,80.0
1653,80.0
1654,-31.0
1655,80.0
1656,-70.0
1657,-69.0
1658,80.0
1659,80.0
1660,80.0
1661,80.0
1662,80.0
1663,80.0
1664,80.0
1665,80.0
1666,80.0
1667,80.0
1668,80.0
1669,80.0
1670,80.0
1671,80.0
1672,80.0
1673,80.0
1674,80.0
1675,80.0
1676,80.0
1677,80.0
1678,80.0
1679,80.0
1680,80.0
1681,80.0
1682,80.0
1683,80.0
1684,80.0
1685,80.0
1686,80.0
1687,80.0
1688,80.0
1689,80.0
1690,80.0
1691,80.0
1692,80.0
1693,80.0
1694,80.0
1695,-47.0
1696,80.0
1697,80.0
1698,80.0
1699,80.0
1700,-36.0
1701,80.0
1702,80.0
1703,80.0
1704,80.0
1705,-32.0
1706,80.0
1707,80.0
1708,80.0
1709,80.0
1710,80.0
1711,80.0
1712,80.0
1713,-88.0
1714,80.0
1715,80.0
1716,80.0
1717,80.0
1718,80.0
1719,80.0
1720,80.0
1721,80.0
1722,80.0
1723,80.0
1724,80.0
1725,80.0
1726,-98.0
1727,80.0
1728,80.0
1729,-100.0
1730,80.0
1731,80.0
1732,80.0
1733,80.0
1734,80.0
1735,80.0
1736,80.0
1737,80.0
1738,80.0
1739,80.0
1740,80.0
1741,80.0
1742,80.0
1743,-83.0
1744,80.0
1745,80.0
1746,80.0
1747,80.0
1748,80.0
1749,80.0
1750,80.0
1751,80.0
1752,80.0
1753,80.0
1754,80.0
1755,80.0
1756,80.0
1757,80.0
1758,-100.0
1759,80.0
1760,80.0
1761,80.0
1762,80.0
1763,80.0
1764,80.0
1765,80.0
1766,80.0
1767,-31.0
1768,80.0
1769,80.0
1770,80.0
1771,80.0
1772,80.0
1773,80.0
1774,80.0
1775,80.0
1776,80.0
1777,80.0
1778,80.0
1779,80.0
1780,80.0
1781,80.0
1782,80.0
1783,80.0
1784,80.0
1785,80.0
1786,80.0
1787,80.0
1788,80.0
1789,80.0
1790,80.0
1791,80.0
1792,80.0
1793,80.0
1794,80.0
1795,80.0
1796,80.0
1797,80.0
1798,80.0
1799,80.0
1800,80.0
1801,80.0
1802,80.0
1803,80.0
1804,80.0
1805,80.0
1806,80.0
1807,80.0
1808,80.0
1809,80.0
1810,80.0
1811,80.0
1812,80.0
1813,80.0
1814,80.0
1815,80.0
1816,-37.0
1817,80.0
1818,80.0
1819,80.0
1820,80.0
1821,80.0
1822,80.0
1823,80.0
1824,80.0
1825,80.0
1826,80.0
1827,80.0
1828,80.0
1829,80.0
1830,80.0
1831,80.0
1832,80.0
1833,80.0
1834,80.0
1835,-59.0
1836,80.0
1837,80.0
1838,80.0
1839,80.0
1840,80.0
1841,80.0
1842,80.0
1843,80.0
1844,80.0
1845,80.0
1846,80.0
1847,80.0
1848,80.0
1849,80.0
1850,80.0
1851,80.0
1852,80.0
1853,80.0
1854,80.0
1855,80.0
1856,80.0
1857,80.0
1858,80.0
1859,80.0
1860,80.0
1861,80.0
1862,80.0
1863,80.0
1864,80.0
1865,80.0
1866,80.0
1867,80.0
1868,80.0
1869,80.0
1870,80.0
1871,80.0
1872,80.0
1873,80.0
1874,80.0
1875,80.0
1876,80.0
1877,80.0
1878,80.0
1879,80.0
1880,80.0
1881,80.0
1882,80.0
1883,-82.0
1884,80.0
1885,80.0
1886,80.0
1887,80.0
1888,80.0
1889,80.0
1890,80.0
1891,80.0
1892,80.0
1893,80.0
1894,80.0
1895,80.0
1896,80.0
1897,80.0
1898,80.0
1899,80.0
1900,80.0
1901,80.0
1902,80.0
1903,80.0
1904,80.0
1905,80.0
1906,80.0
1907,80.0
1908,80.0
1909,80.0
1910,80.0
1911,80.0
1912,80.0
1913,80.0
1914,80.0
1915,80.0
1916,80.0
1917,80.0
1918,80.0
1919,80.0
1920,80.0
1921,80.0
1922,80.0
1923,80.0
1924,80.0
1925,80.0
1926,80.0
1927,80.0
1928,80.0
1929,80.0
1930,80.0
1931,80.0
1932,80.0
1933,80.0
1934,80.0
1935,80.0
1936,80.0
1937,80.0
1938,80.0
1939,80.0
1940,80.0
1941,80.0
1942,80.0
1943,80.0
1944,80.0
1945,80.0
1946,80.0
1947,80.0
1948,80.0
1949,80.0
1950,80.0
1951,80.0
1952,80.0
1953,80.0
1954,-84.0
1955,-47.0
1956,80.0
1957,80.0
1958,80.0
1959,80.0
1960,80.0
1961,80.0
1962,80.0
1963,80.0
1964,80.0
1965,80.0
1966,-82.0
1967,80.0
1968,80.0
1969,80.0
1970,80.0
1971,80.0
1972,80.0
1973,80.0
1974,80.0
1975,80.0
1976,80.0
1977,80.0
1978,80.0
1979,80.0
1980,80.0
1981,80.0
1982,80.0
1983,80.0
1984,80.0
1985,80.0
1986,80.0
1987,80.0
1988,-69.0
1989,80.0
1990,80.0
1991,80.0
1992,80.0
1993,80.0
1994,80.0
1995,80.0
1996,80.0
1997,80.0
1998,80.0
1999,80.0
2000,80.0
2001,80.0
2002,80.0
2003,80.0
2004,80.0
2005,80.0
2006,80.0
2007,80.0
2008,80.0
2009,80.0
2010,80.0
2011,80.0
2012,80.0
2013,80.0
2014,80.0
2015,80.0
2016,80.0
2017,80.0
2018,80.0
2019,80.0
2020,80.0
2021,80.0
2022,80.0
2023,80.0
2024,80.0
2025,80.0
2026,80.0
2027,80.0
2028,80.0
2029,80.0
2030,80.0
2031,80.0
2032,80.0
2033,-32.0
2034,80.0
2035,80.0
2036,80.0
2037,80.0
2038,80.0
2039,80.0
2040,80.0
2041,80.0
2042,80.0
2043,80.0
2044,80.0
2045,80.0
2046,80.0
2047,80.0
2048,80.0
2049,80.0
2050,80.0
2051,80.0
2052,-87.0
2053,80.0
2054,80.0
2055,80.0
2056,80.0
2057,80.0
2058,80.0
2059,80.0
2060,80.0
2061,80.0
2062,80.0
2063,-85.0
2064,80.0
2065,80.0
2066,80.0
2067,80.0
2068,80.0
2069,80.0
2070,80.0
2071,80.0
2072,80.0
2073,80.0
2074,80.0
2075,80.0
2076,80.0
2077,80.0
2078,80.0
2079,80.0
2080,80.0
2081,80.0
2082,80.0
2083,80.0
2084,80.0
2085,80.0
2086,80.0
2087,80.0
2088,80.0
2089,80.0
2090,80.0
2091,80.0
2092,80.0
2093,80.0
2094,80.0
2095,80.0
2096,80.0
2097,80.0
2098,80.0
2099,80.0
2100,80.0
2101,80.0
2102,80.0
2103,80.0
2104,80.0
2105,80.0
2106,80.0
2107,80.0
2108,80.0
2109,80.0
2110,80.0
2111,80.0
2112,80.0
2113,80.0
2114,80.0
2115,80.0
2116,80.0
2117,80.0
2118,80.0
2119,80.0
2120,80.0
2121,80.0
2122,80.0
2123,80.0
2124,-71.0
2125,80.0
2126,80.0
2127,80.0
2128,80.0
2129,80.0
2130,80.0
2131,80.0
2132,80.0
2133,80.0
2134,80.0
2135,80.0
2136,80.0
2137,80.0
2138,80.0
2139,80.0
2140,80.0
2141,80.0
2142,80.0
2143,80.0
2144,80.0
2145,80.0
2146,80.0
2147,80.0
2148,80.0
2149,80.0
2150,80.0
2151,80.0
2152,80.0
2153,80.0
2154,80.0
2155,80.0
2156,80.0
2157,-58.0
2158,80.0
2159,80.0
2160,80.0
2161,80.0
2162,80.0
2163,80.0
2164,80.0
2165,80.0
2166,80.0
2167,80.0
2168,80.0
2169,80.0
2170,80.0
2171,80.0
2172,80.0
2173,80.0
2174,80.0
2175,80.0
2176,80.0
2177,80.0
2178,80.0
2179,80.0
2180,80.0
2181,80.0
2182,80.0
2183,80.0
2184,80.0
2185,80.0
2186,80.0
2187,80.0
2188,80.0
2189,80.0
2190,80.0
2191,80.0
2192,80.0
2193,80.0
2194,80.0
2195,80.0
2196,80.0
2197,80.0
2198,80.0
2199,80.0
2200,80.0
2201,80.0
2202,80.0
2203,80.0
2204,80.0
2205,80.0
2206,80.0
2207,80.0
2208,80.0
2209,80.0
2210,80.0
2211,80.0
2212,80.0
2213,80.0
2214,80.0
2215,80.0
2216,80.0
2217,80.0
2218,80.0
2219,80.0
2220,80.0
2221,80.0
2222,80.0
2223,80.0
2224,80.0
2225,80.0
2226,80.0
2227,80.0
2228,80.0
2229,80.0
2230,80.0
2231,80.0
2232,80.0
2233,80.0
2234,80.0
2235,80.0
2236,80.0
2237,80.0
2238,80.0
2239,80.0
2240,80.0
2241,80.0
2242,80.0
2243,80.0
2244,80.0
2245,80.0
2246,80.0
2247,80.0
2248,80.0
2249,80.0
2250,80.0
2251,80.0
2252,80.0
2253,80.0
2254,80.0
2255,80.0
2256,80.0
2257,80.0
2258,80.0
2259,80.0
2260,80.0
2261,80.0
2262,80.0
2263,80.0
2264,80.0
2265,79.0
2266,80.0
2267,80.0
2268,80.0
2269,80.0
2270,80.0
2271,80.0
2272,80.0
2273,80.0
2274,80.0
2275,80.0
2276,80.0
2277,80.0
2278,80.0
2279,80.0
2280,80.0
2281,80.0
2282,80.0
2283,80.0
2284,80.0
2285,80.0
2286,80.0
2287,80.0
2288,80.0
2289,80.0
2290,80.0
2291,80.0
2292,80.0
2293,80.0
2294,80.0
2295,80.0
2296,80.0
2297,80.0
2298,80.0
2299,80.0
2300,80.0
2301,80.0
2302,80.0
2303,80.0
2304,80.0
2305,80.0
2306,80.0
2307,80.0
2308,80.0
2309,80.0
2310,80.0
2311,80.0
2312,80.0
2313,80.0
2314,80.0
2315,80.0
2316,80.0
2317,80.0
2318,80.0
2319,80.0
2320,80.0
2321,80.0
2322,80.0
2323,80.0
2324,80.0
2325,80.0
2326,-47.0
2327,80.0
2328,80.0
2329,80.0
2330,80.0
2331,80.0
2332,80.0
2333,80.0
2334,80.0
2335,80.0
2336,80.0
2337,80.0
2338,80.0
2339,80.0
2340,80.0
2341,-88.0
2342,80.0
2343,80.0
2344,80.0
2345,80.0
2346,80.0
2347,80.0
2348,80.0
2349,80.0
2350,80.0
2351,80.0
2352,80.0
2353,80.0
2354,80.0
2355,80.0
2356,80.0
2357,80.0
2358,80.0
2359,80.0
2360,80.0
2361,80.0
2362,80.0
2363,80.0
2364,80.0
2365,80.0
2366,80.0
2367,-34.0
2368,80.0
2369,80.0
2370,80.0
2371,-99.0
2372,80.0
2373,80.0
2374,80.0
2375,80.0
2376,80.0
2377,80.0
2378,80.0
2379,80.0
2380,80.0
2381,80.0
2382,80.0
2383,80.0
2384,80.0
2385,80.0
2386,80.0
2387,80.0
2388,80.0
2389,80.0
2390,80.0
2391,80.0
2392,80.0
2393,80.0
2394,80.0
2395,80.0
2396,80.0
2397,80.0
2398,80.0
2399,80.0
2400,-88.0
2401,80.0
2402,80.0
2403,80.0
2404,80.0
2405,80.0
2406,80.0
2407,80.0
2408,80.0
2409,80.0
2410,80.0
2411,80.0
2412,80.0
2413,80.0
2414,80.0
2415,80.0
2416,80.0
2417,80.0
2418,-47.0
2419,80.0
2420,80.0
2421,80.0
2422,80.0
2423,80.0
2424,80.0
2425,80.0
2426,80.0
2427,80.0
2428,80.0
2429,80.0
2430,80.0
2431,80.0
2432,80.0
2433,80.0
2434,80.0
2435,80.0
2436,80.0
2437,80.0
2438,80.0
2439,80.0
2440,80.0
2441,80.0
2442,80.0
2443,80.0
2444,-47.0
2445,80.0
2446,80.0
2447,80.0
2448,80.0
2449,80.0
2450,80.0
2451,80.0
2452,80.0
2453,80.0
2454,80.0
2455,80.0
2456,80.0
2457,80.0
2458,80.0
2459,80.0
2460,80.0
2461,80.0
2462,-32.0
2463,80.0
2464,80.0
2465,80.0
2466,80.0
2467,80.0
2468,80.0
2469,80.0
2470,80.0
2471,80.0
2472,80.0
2473,80.0
2474,80.0
2475,80.0
2476,80.0
2477,80.0
2478,80.0
2479,80.0
2480,80.0
2481,80.0
2482,80.0
2483,80.0
2484,80.0
2485,80.0
2486,80.0
2487,80.0
2488,80.0
2489,80.0
2490,80.0
2491,80.0
2492,80.0
2493,80.0
2494,80.0
2495,80.0
2496,80.0
2497,80.0
2498,80.0
2499,80.0
2500,80.0
2501,80.0
2502,80.0
2503,80.0
2504,80.0
2505,80.0
2506,80.0
2507,80.0
2508,80.0
2509,80.0
2510,80.0
2511,80.0
2512,80.0
2513,80.0
2514,80.0
2515,80.0
2516,80.0
2517,80.0
2518,80.0
2519,80.0
2520,80.0
2521,80.0
2522,80.0
2523,80.0
2524,80.0
2525,80.0
2526,80.0
2527,80.0
2528,80.0
2529,80.0
2530,80.0
2531,80.0
2532,80.0
2533,80.0
2534,80.0
2535,80.0
2536,80.0
2537,80.0
2538,80.0
2539,80.0
2540,80.0
2541,80.0
2542,80.0
2543,80.0
2544,80.0
2545,80.0
2546,80.0
2547,80.0
2548,80.0
2549,80.0
2550,80.0
2551,80.0
2552,80.0
2553,80.0
2554,80.0
2555,80.0
2556,80.0
2557,80.0
2558,80.0
2559,80.0
2560,80.0
2561,80.0
2562,80.0
2563,80.0
2564,80.0
2565,80.0
2566,80.0
2567,80.0
2568,80.0
2569,80.0
2570,80.0
2571,-82.0
2572,80.0
2573,80.0
2574,80.0
2575,80.0
2576,80.0
2577,80.0
2578,80.0
2579,80.0
2580,80.0
2581,80.0
2582,80.0
2583,80.0
2584,80.0
2585,80.0
2586,80.0
2587,80.0
2588,80.0
2589,80.0
2590,80.0
2591,80.0
2592,80.0
2593,80.0
2594,80.0
2595,80.0
2596,80.0
2597,80.0
2598,80.0
2599,80.0
2600,80.0
2601,80.0
2602,80.0
2603,80.0
2604,80.0
2605,80.0
2606,-31.0
2607,80.0
2608,80.0
2609,80.0
2610,80.0
2611,80.0
2612,80.0
2613,80.0
2614,80.0
2615,80.0
2616,80.0
2617,80.0
2618,80.0
2619,80.0
2620,80.0
2621,80.0
2622,80.0
2623,80.0
2624,80.0
2625,80.0
2626,80.0
2627,80.0
2628,80.0
2629,80.0
2630,80.0
2631,80.0
2632,80.0
2633,80.0
2634,80.0
2635,80.0
2636,80.0
2637,-99.0
2638,80.0
2639,-57.0
2640,80.0
2641,80.0
2642,80.0
2643,80.0
2644,80.0
2645,80.0
2646,80.0
2647,80.0
2648,80.0
2649,80.0
2650,80.0
2651,-87.0
2652,80.0
2653,80.0
2654,80.0
2655,80.0
2656,80.0
2657,80.0
2658,80.0
2659,80.0
2660,80.0
2661,80.0
2662,80.0
2663,80.0
2664,80.0
2665,80.0
2666,80.0
2667,80.0
2668,80.0
2669,80.0
2670,80.0
2671,80.0
2672,80.0
2673,80.0
2674,80.0
2675,80.0
2676,80.0
2677,80.0
2678,80.0
2679,80.0
2680,80.0
2681,80.0
2682,80.0
2683,80.0
2684,80.0
2685,80.0
2686,80.0
2687,80.0
2688,80.0
2689,80.0
2690,80.0
2691,80.0
2692,80.0
2693,80.0
2694,80.0
2695,80.0
2696,80.0
2697,80.0
2698,80.0
2699,80.0
2700,80.0
2701,80.0
2702,-87.0
2703,80.0
2704,80.0
2705,80.0
2706,80.0
2707,80.0
2708,80.0
2709,80.0
2710,80.0
2711,80.0
2712,80.0
2713,80.0
2714,80.0
2715,-37.0
2716,80.0
2717,80.0
2718,80.0
2719,80.0
2720,80.0
2721,80.0
2722,80.0
2723,80.0
2724,80.0
2725,80.0
2726,80.0
2727,80.0
2728,80.0
2729,80.0
2730,80.0
2731,80.0
2732,80.0
2733,80.0
2734,80.0
2735,80.0
2736,80.0
2737,80.0
2738,80.0
2739,-85.0
2740,80.0
2741,80.0
2742,80.0
2743,80.0
2744,80.0
2745,80.0
2746,80.0
2747,80.0
2748,80.0
2749,80.0
2750,80.0
2751,80.0
2752,80.0
2753,80.0
2754,80.0
2755,80.0
2756,80.0
2757,80.0
2758,80.0
2759,80.0
2760,80.0
2761,80.0
2762,80.0
2763,80.0
2764,80.0
2765,80.0
2766,80.0
2767,80.0
2768,80.0
2769,80.0
2770,80.0
2771,80.0
2772,80.0
2773,80.0
2774,80.0
2775,80.0
2776,80.0
2777,80.0
2778,80.0
2779,80.0
2780,80.0
2781,80.0
2782,80.0
2783,80.0
2784,80.0
2785,80.0
2786,80.0
2787,80.0
2788,80.0
2789,80.0
2790,80.0
2791,80.0
2792,80.0
2793,80.0
2794,80.0
2795,80.0
2796,80.0
2797,80.0
2798,80.0
2799,80.0
2800,80.0
2801,80.0
2802,80.0
2803,80.0
2804,80.0
2805,80.0
2806,80.0
2807,80.0
2808,80.0
2809,80.0
2810,80.0
2811,80.0
2812,80.0
2813,80.0
2814,80.0
2815,80.0
2816,80.0
2817,80.0
2818,80.0
2819,80.0
2820,80.0
2821,80.0
2822,80.0
2823,80.0
2824,-58.0
2825,80.0
2826,80.0
2827,80.0
2828,80.0
2829,80.0
2830,80.0
2831,80.0
2832,80.0
2833,80.0
2834,80.0
2835,80.0
2836,80.0
2837,80.0
2838,80.0
2839,80.0
2840,-69.0
2841,80.0
2842,80.0
2843,80.0
2844,-100.0
2845,80.0
2846,80.0
2847,80.0
2848,80.0
2849,80.0
2850,80.0
2851,80.0
2852,80.0
2853,80.0
2854,80.0
2855,80.0
2856,80.0
2857,80.0
2858,80.0
2859,80.0
2860,80.0
2861,80.0
2862,80.0
2863,80.0
2864,80.0
2865,80.0
2866,80.0
2867,80.0
2868,80.0
2869,80.0
2870,80.0
2871,80.0
2872,80.0
2873,80.0
2874,80.0
2875,80.0
2876,80.0
2877,80.0
2878,80.0
2879,80.0
2880,80.0
2881,80.0
2882,80.0
2883,80.0
2884,80.0
2885,80.0
2886,80.0
2887,80.0
2888,80.0
2889,80.0
2890,80.0
2891,80.0
2892,80.0
2893,80.0
2894,80.0
2895,80.0
2896,80.0
2897,80.0
2898,80.0
2899,80.0
2900,80.0
2901,80.0
2902,80.0
2903,80.0
2904,80.0
2905,80.0
2906,80.0
2907,80.0
2908,80.0
2909,80.0
2910,80.0
2911,80.0
2912,80.0
2913,80.0
2914,80.0
2915,80.0
2916,80.0
2917,80.0
2918,80.0
2919,80.0
2920,80.0
2921,-36.0
2922,80.0
2923,80.0
2924,80.0
2925,80.0
2926,80.0
2927,80.0
2928,80.0
2929,-86.0
2930,80.0
2931,80.0
2932,80.0
2933,80.0
2934,80.0
2935,80.0
2936,80.0
2937,80.0
2938,80.0
2939,80.0
2940,-59.0
2941,80.0
2942,80.0
2943,80.0
2944,80.0
2945,-69.0
2946,80.0
2947,80.0
2948,80.0
2949,80.0
2950,80.0
2951,80.0
2952,80.0
2953,80.0
2954,80.0
2955,80.0
2956,80.0
2957,80.0
2958,80.0
2959,80.0
2960,80.0
2961,80.0
2962,80.0
2963,80.0
2964,80.0
2965,80.0
2966,80.0
2967,80.0
2968,80.0
2969,80.0
2970,80.0
2971,80.0
2972,80.0
2973,80.0
2974,80.0
2975,80.0
2976,80.0
2977,80.0
2978,80.0
2979,80.0
2980,80.0
2981,80.0
2982,80.0
2983,80.0
2984,80.0
2985,80.0
2986,80.0
2987,80.0
2988,80.0
2989,80.0
2990,80.0
2991,80.0
2992,80.0
2993,80.0
2994,80.0
2995,80.0
2996,80.0
2997,80.0
2998,80.0
2999,80.0
3000,80.0
3001,80.0
3002,80.0
3003,80.0
3004,80.0
3005,80.0
3006,80.0
3007,80.0
3008,80.0
3009,80.0
3010,80.0
3011,80.0
3012,80.0
3013,80.0
3014,80.0
3015,80.0
3016,80.0
3017,80.0
3018,80.0
3019,80.0
3020,80.0
3021,80.0
3022,80.0
3023,80.0
3024,80.0
3025,80.0
3026,80.0
3027,80.0
3028,80.0
3029,80.0
3030,80.0
3031,80.0
3032,80.0
3033,80.0
3034,80.0
3035,80.0
3036,80.0
3037,80.0
3038,80.0
3039,80.0
3040,80.0
3041,-83.0
3042,80.0
3043,80.0
3044,80.0
3045,80.0
3046,80.0
3047,80.0
3048,80.0
3049,80.0
3050,80.0
3051,80.0
3052,80.0
3053,80.0
3054,80.0
3055,80.0
3056,80.0
3057,80.0
3058,80.0
3059,80.0
3060,80.0
3061,80.0
3062,80.0
3063,80.0
3064,80.0
3065,80.0
3066,80.0
3067,80.0
3068,80.0
3069,80.0
3070,80.0
3071,80.0
3072,80.0
3073,80.0
3074,80.0
3075,80.0
3076,80.0
3077,80.0
3078,80.0
3079,80.0
3080,80.0
3081,-88.0
3082,80.0
3083,-34.0
3084,80.0
3085,80.0
3086,80.0
3087,80.0
3088,80.0
3089,80.0
3090,80.0
3091,80.0
3092,80.0
3093,80.0
3094,80.0
3095,80.0
3096,80.0
3097,80.0
3098,80.0
3099,80.0
3100,80.0
3101,80.0
3102,80.0
3103,80.0
3104,80.0
3105,80.0
3106,80.0
3107,80.0
3108,80.0
3109,80.0
3110,80.0
3111,80.0
3112,80.0
3113,80.0
3114,80.0
3115,80.0
3116,80.0
3117,80.0
3118,80.0
3119,80.0
3120,80.0
3121,80.0
3122,80.0
3123,80.0
3124,80.0
3125,80.0
3126,80.0
3127,80.0
3128,80.0
3129,80.0
3130,80.0
3131,80.0
3132,80.0
3133,80.0
3134,-87.0
3135,80.0
3136,80.0
3137,80.0
3138,80.0
3139,80.0
3140,80.0
3141,80.0
3142,80.0
3143,80.0
3144,80.0
3145,80.0
3146,80.0
3147,80.0
3148,80.0
3149,80.0
3150,80.0
3151,80.0
3152,80.0
3153,80.0
3154,80.0
3155,80.0
3156,80.0
3157,80.0
3158,80.0
3159,80.0
3160,80.0
3161,80.0
3162,-57.0
3163,80.0
3164,80.0
3165,80.0
3166,80.0
3167,80.0
3168,-82.0
3169,80.0
3170,-57.0
3171,80.0
3172,80.0
3173,80.0
3174,80.0
3175,80.0
3176,80.0
3177,80.0
3178,80.0
3179,80.0
3180,80.0
3181,80.0
3182,80.0
3183,80.0
3184,80.0
3185,80.0
3186,80.0
3187,80.0
3188,80.0
3189,80.0
3190,80.0
3191,80.0
3192,80.0
3193,80.0
3194,80.0
3195,80.0
3196,80.0
3197,80.0
3198,80.0
3199,80.0
3200,80.0
3201,80.0
3202,80.0
3203,80.0
3204,80.0
3205,80.0
3206,80.0
3207,-99.0
3208,80.0
3209,80.0
3210,80.0
3211,80.0
3212,80.0
3213,80.0
3214,80.0
3215,-47.0
3216,80.0
3217,80.0
3218,80.0
3219,80.0
3220,80.0
3221,80.0
3222,80.0
3223,80.0
3224,80.0
3225,80.0
3226,80.0
3227,80.0
3228,80.0
3229,80.0
3230,80.0
3231,80.0
3232,-35.0
3233,80.0
3234,80.0
3235,80.0
3236,80.0
3237,80.0
3238,80.0
3239,80.0
3240,80.0
3241,80.0
3242,-81.0
3243,80.0
3244,80.0
3245,80.0
3246,80.0
3247,80.0
3248,80.0
3249,80.0
3250,80.0
3251,80.0
3252,80.0
3253,80.0
3254,80.0
3255,80.0
3256,80.0
3257,80.0
3258,80.0
3259,80.0
3260,80.0
3261,80.0
3262,80.0
3263,80.0
3264,80.0
3265,80.0
3266,80.0
3267,80.0
3268,80.0
3269,80.0
3270,80.0
3271,80.0
3272,80.0
3273,80.0
3274,80.0
3275,80.0
3276,80.0
3277,80.0
3278,80.0
3279,80.0
3280,80.0
3281,80.0
3282,80.0
3283,80.0
3284,80.0
3285,80.0
3286,80.0
3287,80.0
3288,80.0
3289,80.0
3290,80.0
3291,80.0
3292,80.0
3293,80.0
3294,80.0
3295,80.0
3296,80.0
3297,80.0
3298,80.0
3299,80.0
3300,80.0
3301,80.0
3302,80.0
3303,-88.0
3304,80.0
3305,80.0
3306,80.0
3307,80.0
3308,80.0
3309,80.0
3310,80.0
3311,80.0
3312,80.0
3313,80.0
3314,80.0
3315,80.0
3316,80.0
3317,80.0
3318,80.0
3319,80.0
3320,80.0
3321,80.0
3322,80.0
3323,80.0
3324,80.0
3325,80.0
3326,80.0
3327,80.0
3328,80.0
3329,80.0
3330,80.0
3331,80.0
3332,80.0
3333,80.0
3334,80.0
3335,80.0
3336,80.0
3337,-57.0
3338,80.0
3339,80.0
3340,80.0
3341,80.0
3342,80.0
3343,80.0
3344,80.0
3345,80.0
3346,80.0
3347,80.0
3348,80.0
3349,80.0
3350,80.0
3351,80.0
3352,80.0
3353,-99.0
3354,80.0
3355,80.0
3356,80.0
3357,80.0
3358,80.0
3359,80.0
3360,80.0
3361,80.0
3362,80.0
3363,80.0
3364,80.0
3365,80.0
3366,80.0
3367,80.0
3368,80.0
3369,80.0
3370,80.0
3371,80.0
3372,80.0
3373,80.0
3374,80.0
3375,-100.0
3376,80.0
3377,-88.0
3378,80.0
3379,80.0
3380,80.0
3381,80.0
3382,80.0
3383,80.0
3384,80.0
3385,80.0
3386,80.0
3387,80.0
3388,80.0
3389,80.0
3390,80.0
3391,80.0
3392,80.0
3393,80.0
3394,80.0
3395,80.0
3396,80.0
3397,80.0
3398,80.0
3399,80.0
3400,80.0
3401,80.0
3402,80.0
3403,80.0
3404,80.0
3405,80.0
3406,80.0
3407,80.0
3408,80.0
3409,-33.0
3410,80.0
3411,80.0
3412,80.0
3413,80.0
3414,80.0
3415,80.0
3416,80.0
3417,80.0
3418,80.0
3419,-99.0
3420,80.0
3421,80.0
3422,80.0
3423,80.0
3424,80.0
3425,80.0
3426,80.0
3427,80.0
3428,80.0
3429,80.0
3430,80.0
3431,80.0
3432,80.0
3433,80.0
3434,80.0
3435,80.0
3436,80.0
3437,80.0
3438,80.0
3439,80.0
3440,80.0
3441,80.0
3442,80.0
3443,80.0
3444,80.0
3445,80.0
3446,80.0
3447,80.0
3448,80.0
3449,80.0
3450,80.0
3451,80.0
3452,80.0
3453,80.0
3454,80.0
3455,80.0
3456,80.0
3457,80.0
3458,80.0
3459,80.0
3460,80.0
3461,80.0
3462,80.0
3463,-59.0
3464,80.0
3465,80.0
3466,80.0
3467,80.0
3468,80.0
3469,80.0
3470,80.0
3471,80.0
3472,80.0
3473,80.0
3474,80.0
3475,80.0
3476,80.0
3477,80.0
3478,80.0
3479,80.0
3480,80.0
3481,80.0
3482,80.0
3483,80.0
3484,80.0
3485,80.0
3486,80.0
3487,80.0
3488,80.0
3489,80.0
3490,80.0
3491,80.0
3492,-36.0
3493,80.0
3494,80.0
3495,80.0
3496,80.0
3497,80.0
3498,80.0
3499,80.0
3500,80.0
3501,80.0
3502,80.0
3503,80.0
3504,80.0
3505,80.0
3506,80.0
3507,80.0
3508,80.0
3509,80.0
3510,80.0
3511,80.0
3512,80.0
3513,80.0
3514,80.0
3515,80.0
3516,80.0
3517,80.0
3518,80.0
3519,80.0
3520,80.0
3521,80.0
3522,80.0
3523,80.0
3524,80.0
3525,80.0
3526,80.0
3527,80.0
3528,80.0
3529,80.0
3530,80.0
3531,80.0
3532,80.0
3533,-82.0
3534,80.0
3535,80.0
3536,80.0
3537,80.0
3538,80.0
3539,80.0
3540,80.0
3541,80.0
3542,80.0
3543,80.0
3544,80.0
3545,80.0
3546,80.0
3547,80.0
3548,80.0
3549,80.0
3550,80.0
3551,80.0
3552,80.0
3553,80.0
3554,80.0
3555,80.0
3556,80.0
3557,80.0
3558,80.0
3559,80.0
3560,80.0
3561,80.0
3562,80.0
3563,80.0
3564,80.0
3565,80.0
3566,80.0
3567,80.0
3568,80.0
3569,80.0
3570,80.0
3571,80.0
3572,80.0
3573,80.0
3574,-57.0
3575,80.0
3576,80.0
3577,80.0
3578,80.0
3579,80.0
3580,80.0
3581,80.0
3582,80.0
3583,80.0
3584,80.0
3585,80.0
3586,80.0
3587,80.0
3588,80.0
3589,80.0
3590,80.0
3591,80.0
3592,80.0
3593,80.0
3594,80.0
3595,80.0
3596,80.0
3597,80.0
3598,80.0
3599,80.0
3600,80.0
3601,80.0
3602,80.0
3603,80.0
3604,80.0
3605,80.0
3606,80.0
3607,80.0
3608,80.0
3609,80.0
3610,80.0
3611,80.0
3612,80.0
3613,80.0
3614,80.0
3615,80.0
3616,80.0
3617,-33.0
3618,80.0
3619,80.0
3620,80.0
3621,80.0
3622,80.0
3623,80.0
3624,80.0
3625,80.0
3626,-57.0
3627,80.0
3628,80.0
3629,80.0
3630,80.0
3631,80.0
3632,80.0
3633,80.0
3634,80.0
3635,80.0
3636,80.0
3637,80.0
3638,80.0
3639,80.0
3640,80.0
3641,80.0
3642,80.0
3643,80.0
3644,80.0
3645,80.0
3646,80.0
3647,80.0
3648,80.0
3649,80.0
3650,80.0
3651,80.0
3652,80.0
3653,80.0
3654,80.0
3655,80.0
3656,80.0
3657,80.0
3658,80.0
3659,80.0
3660,80.0
3661,80.0
3662,80.0
3663,80.0
3664,80.0
3665,80.0
3666,80.0
3667,80.0
3668,80.0
3669,80.0
3670,80.0
3671,80.0
3672,80.0
3673,80.0
3674,80.0
3675,80.0
3676,80.0
3677,80.0
3678,80.0
3679,80.0
3680,80.0
3681,80.0
3682,80.0
3683,80.0
3684,80.0
3685,80.0
3686,80.0
3687,80.0
3688,80.0
3689,80.0
3690,80.0
3691,80.0
3692,80.0
3693,80.0
3694,80.0
3695,80.0
3696,80.0
3697,80.0
3698,80.0
3699,80.0
3700,80.0
3701,80.0
3702,80.0
3703,80.0
3704,80.0
3705,80.0
3706,80.0
3707,80.0
3708,80.0
3709,80.0
3710,80.0
3711,-31.0
3712,80.0
3713,80.0
3714,80.0
3715,80.0
3716,80.0
3717,80.0
3718,80.0
3719,80.0
3720,80.0
3721,80.0
3722,80.0
3723,80.0
3724,-82.0
3725,80.0
3726,80.0
3727,80.0
3728,80.0
3729,80.0
3730,80.0
3731,80.0
3732,80.0
3733,-100.0
3734,80.0
3735,80.0
3736,80.0
3737,80.0
3738,80.0
3739,80.0
3740,80.0
3741,80.0
3742,80.0
3743,80.0
3744,80.0
3745,80.0
3746,80.0
3747,80.0
3748,80.0
3749,80.0
3750,80.0
3751,80.0
3752,80.0
3753,80.0
3754,80.0
3755,80.0
3756,80.0
3757,80.0
3758,80.0
3759,80.0
3760,80.0
3761,80.0
3762,80.0
3763,80.0
3764,80.0
3765,80.0
3766,80.0
3767,80.0
3768,80.0
3769,80.0
3770,80.0
3771,80.0
3772,-88.0
3773,80.0
3774,80.0
3775,80.0
3776,80.0
3777,80.0
3778,80.0
3779,80.0
3780,80.0
3781,80.0
3782,80.0
3783,80.0
3784,80.0
3785,80.0
3786,80.0
3787,80.0
3788,80.0
3789,80.0
3790,80.0
3791,80.0
3792,80.0
3793,80.0
3794,80.0
3795,80.0
3796,80.0
3797,80.0
3798,80.0
3799,80.0
3800,80.0
3801,80.0
3802,80.0
3803,80.0
3804,80.0
3805,80.0
3806,80.0
3807,-88.0
3808,80.0
3809,80.0
3810,80.0
3811,80.0
3812,80.0
3813,80.0
3814,80.0
3815,80.0
3816,80.0
3817,80.0
3818,80.0
3819,80.0
3820,80.0
3821,80.0
3822,80.0
3823,80.0
3824,80.0
3825,80.0
3826,80.0
3827,80.0
3828,80.0
3829,80.0
3830,80.0
3831,80.0
3832,80.0
3833,80.0
3834,80.0
3835,80.0
3836,80.0
3837,80.0
3838,80.0
3839,80.0
3840,80.0
3841,80.0
3842,80.0
3843,80.0
3844,80.0
3845,80.0
3846,80.0
3847,80.0
3848,80.0
3849,80.0
3850,80.0
3851,80.0
3852,80.0
3853,80.0
3854,80.0
3855,80.0
3856,80.0
3857,-88.0
3858,80.0
3859,80.0
3860,80.0
3861,80.0
3862,80.0
3863,80.0
3864,80.0
3865,80.0
3866,80.0
3867,80.0
3868,80.0
3869,80.0
3870,80.0
3871,80.0
3872,80.0
3873,80.0
3874,80.0
3875,80.0
3876,80.0
3877,80.0
3878,80.0
3879,-98.0
3880,80.0
3881,80.0
3882,80.0
3883,80.0
3884,80.0
3885,80.0
3886,80.0
3887,80.0
3888,80.0
3889,80.0
3890,80.0
3891,80.0
3892,80.0
3893,80.0
3894,80.0
3895,80.0
3896,80.0
3897,80.0
3898,80.0
3899,80.0
3900,80.0
3901,80.0
3902,80.0
3903,80.0
3904,80.0
3905,80.0
3906,80.0
3907,80.0
3908,80.0
3909,80.0
3910,-83.0
3911,80.0
3912,80.0
3913,80.0
3914,80.0
3915,80.0
3916,80.0
3917,80.0
3918,80.0
3919,80.0
3920,80.0
3921,80.0
3922,80.0
3923,80.0
3924,80.0
3925,80.0
3926,80.0
3927,80.0
3928,80.0
3929,80.0
3930,80.0
3931,80.0
3932,80.0
3933,80.0
3934,80.0
3935,80.0
3936,80.0
3937,80.0
3938,80.0
3939,80.0
3940,80.0
3941,80.0
3942,80.0
3943,80.0
3944,80.0
3945,80.0
3946,80.0
3947,80.0
3948,80.0
3949,80.0
3950,80.0
3951,80.0
3952,-33.0
3953,80.0
3954,80.0
3955,80.0
3956,80.0
3957,80.0
3958,80.0
3959,80.0
3960,80.0
3961,80.0
3962,-58.0
3963,80.0
3964,80.0
3965,80.0
3966,80.0
3967,80.0
3968,80.0
3969,80.0
3970,80.0
3971,80.0
3972,80.0
3973,80.0
3974,80.0
3975,80.0
3976,80.0
3977,80.0
3978,80.0
3979,80.0
3980,80.0
3981,80.0
3982,-84.0
3983,80.0
3984,80.0
3985,80.0
3986,80.0
3987,80.0
3988,80.0
3989,80.0
3990,80.0
3991,80.0
3992,-100.0
3993,80.0
3994,80.0
3995,80.0
3996,80.0
3997,80.0
3998,80.0
3999,80.0
4000,80.0
4001,-69.0
4002,80.0
4003,80.0
4004,80.0
4005,80.0
4006,80.0
4007,80.0
4008,80.0
4009,-98.0
4010,80.0
4011,80.0
4012,80.0
4013,80.0
4014,80.0
4015,80.0
4016,80.0
4017,80.0
4018,80.0
4019,80.0
4020,80.0
4021,80.0
4022,80.0
4023,80.0
4024,80.0
4025,80.0
4026,80.0
4027,80.0
4028,80.0
4029,80.0
4030,80.0
4031,80.0
4032,80.0
4033,80.0
4034,-71.0
4035,80.0
4036,80.0
4037,80.0
4038,80.0
4039,80.0
4040,80.0
4041,80.0
4042,80.0
4043,-83.0
4044,80.0
4045,80.0
4046,80.0
4047,79.0
4048,80.0
4049,80.0
4050,80.0
4051,80.0
4052,80.0
4053,80.0
4054,-88.0
4055,80.0
4056,80.0
4057,80.0
4058,80.0
4059,80.0
4060,80.0
4061,-85.0
4062,80.0
4063,80.0
4064,80.0
4065,80.0
4066,80.0
4067,80.0
4068,80.0
4069,80.0
4070,80.0
4071,80.0
4072,80.0
4073,80.0
4074,80.0
4075,80.0
4076,80.0
4077,80.0
4078,80.0
4079,80.0
4080,80.0
4081,80.0
4082,80.0
4083,80.0
4084,80.0
4085,80.0
4086,80.0
4087,80.0
4088,80.0
4089,80.0
4090,80.0
4091,80.0
4092,80.0
4093,80.0
4094,80.0
4095,80.0
4096,80.0
4097,80.0
4098,80.0
4099,80.0
4100,80.0
4101,80.0
4102,80.0
4103,80.0
4104,80.0
4105,80.0
4106,80.0
4107,80.0
4108,80.0
4109,80.0
4110,80.0
4111,80.0
4112,80.0
4113,80.0
4114,80.0
4115,80.0
4116,80.0
4117,80.0
4118,80.0
4119,80.0
4120,80.0
4121,80.0
4122,80.0
4123,80.0
4124,80.0
4125,80.0
4126,80.0
4127,80.0
4128,80.0
4129,80.0
4130,80.0
4131,80.0
4132,80.0
4133,80.0
4134,80.0
4135,80.0
4136,80.0
4137,80.0
4138,80.0
4139,80.0
4140,80.0
4141,80.0
4142,80.0
4143,80.0
4144,80.0
4145,80.0
4146,80.0
4147,80.0
4148,80.0
4149,80.0
4150,80.0
4151,80.0
4152,80.0
4153,80.0
4154,80.0
4155,80.0
4156,80.0
4157,80.0
4158,80.0
4159,80.0
4160,80.0
4161,80.0
4162,80.0
4163,-67.0
4164,80.0
4165,80.0
4166,-82.0
4167,80.0
4168,80.0
4169,80.0
4170,80.0
4171,80.0
4172,80.0
4173,80.0
4174,80.0
4175,80.0
4176,80.0
4177,80.0
4178,80.0
4179,80.0
4180,80.0
4181,80.0
4182,80.0
4183,80.0
4184,80.0
4185,80.0
4186,80.0
4187,80.0
4188,80.0
4189,80.0
4190,80.0
4191,80.0
4192,80.0
4193,-86.0
4194,80.0
4195,80.0
4196,80.0
4197,80.0
4198,80.0
4199,80.0
4200,80.0
4201,80.0
4202,80.0
4203,80.0
4204,80.0
4205,80.0
4206,80.0
4207,80.0
4208,80.0
4209,80.0
4210,80.0
4211,80.0
4212,80.0
4213,80.0
4214,-26.0
4215,80.0
4216,80.0
4217,80.0
4218,80.0
4219,80.0
4220,80.0
4221,80.0
4222,80.0
4223,80.0
4224,80.0
4225,80.0
4226,80.0
4227,80.0
4228,80.0
4229,80.0
4230,80.0
4231,80.0
4232,80.0
4233,80.0
4234,80.0
4235,80.0
4236,80.0
4237,80.0
4238,80.0
4239,80.0
4240,-82.0
4241,80.0
4242,80.0
4243,80.0
4244,80.0
4245,80.0
4246,80.0
4247,80.0
4248,80.0
4249,80.0
4250,80.0
4251,80.0
4252,80.0
4253,80.0
4254,80.0
4255,80.0
4256,80.0
4257,80.0
4258,80.0
4259,80.0
4260,80.0
4261,80.0
4262,-57.0
4263,80.0
4264,80.0
4265,80.0
4266,80.0
4267,80.0
4268,80.0
4269,-58.0
4270,80.0
4271,80.0
4272,80.0
4273,80.0
4274,80.0
4275,80.0
4276,80.0
4277,80.0
4278,80.0
4279,80.0
4280,80.0
4281,80.0
4282,80.0
4283,80.0
4284,80.0
4285,80.0
4286,80.0
4287,80.0
4288,80.0
4289,-31.0
4290,80.0
4291,80.0
4292,80.0
4293,80.0
4294,80.0
4295,80.0
4296,80.0
4297,80.0
4298,80.0
4299,80.0
4300,80.0
4301,80.0
4302,-71.0
4303,-78.0
4304,80.0
4305,-59.0
4306,80.0
4307,80.0
4308,80.0
4309,-59.0
4310,80.0
4311,80.0
4312,80.0
4313,80.0
4314,80.0
4315,80.0
4316,79.0
4317,80.0
4318,80.0
4319,80.0
4320,-31.0
4321,80.0
4322,80.0
4323,80.0
4324,80.0
4325,80.0
4326,80.0
4327,80.0
4328,80.0
4329,80.0
4330,-34.0
4331,80.0
4332,80.0
4333,80.0
4334,80.0
4335,80.0
4336,80.0
4337,80.0
4338,80.0
4339,80.0
4340,80.0
4341,80.0
4342,80.0
4343,80.0
4344,80.0
4345,80.0
4346,80.0
4347,80.0
4348,80.0
4349,80.0
4350,80.0
4351,80.0
4352,80.0
4353,80.0
4354,80.0
4355,80.0
4356,80.0
4357,80.0
4358,80.0
4359,80.0
4360,80.0
4361,80.0
4362,80.0
4363,80.0
4364,80.0
4365,-56.0
4366,80.0
4367,80.0
4368,80.0
4369,80.0
4370,80.0
4371,80.0
4372,80.0
4373,80.0
4374,80.0
4375,80.0
4376,80.0
4377,80.0
4378,80.0
4379,80.0
4380,80.0
4381,80.0
4382,80.0
4383,80.0
4384,80.0
4385,80.0
4386,80.0
4387,80.0
4388,80.0
4389,80.0
4390,80.0
4391,80.0
4392,80.0
4393,80.0
4394,80.0
4395,80.0
4396,-33.0
4397,-84.0
4398,80.0
4399,80.0
4400,80.0
4401,80.0
4402,80.0
4403,80.0
4404,80.0
4405,80.0
4406,80.0
4407,80.0
4408,80.0
4409,80.0
4410,80.0
4411,80.0
4412,80.0
4413,80.0
4414,80.0
4415,80.0
4416,80.0
4417,80.0
4418,80.0
4419,80.0
4420,80.0
4421,80.0
4422,80.0
4423,80.0
4424,80.0
4425,80.0
4426,80.0
4427,80.0
4428,80.0
4429,80.0
4430,80.0
4431,80.0
4432,80.0
4433,80.0
4434,80.0
4435,80.0
4436,80.0
4437,80.0
4438,80.0
4439,80.0
4440,80.0
4441,-98.0
4442,80.0
4443,80.0
4444,80.0
4445,80.0
4446,80.0
4447,80.0
4448,80.0
4449,80.0
4450,80.0
4451,80.0
4452,80.0
4453,80.0
4454,80.0
4455,80.0
4456,80.0
4457,80.0
4458,80.0
4459,80.0
4460,80.0
4461,80.0
4462,80.0
4463,80.0
4464,80.0
4465,80.0
4466,80.0
4467,80.0
4468,80.0
4469,-83.0
4470,80.0
4471,80.0
4472,80.0
4473,80.0
4474,80.0
4475,80.0
4476,80.0
4477,80.0
4478,80.0
4479,80.0
4480,80.0
4481,80.0
4482,80.0
4483,80.0
4484,80.0
4485,80.0
4486,80.0
4487,80.0
4488,80.0
4489,80.0
4490,80.0
4491,80.0
4492,80.0
4493,80.0
4494,80.0
4495,80.0
4496,80.0
4497,80.0
4498,80.0
4499,80.0
4500,80.0
4501,80.0
4502,80.0
4503,80.0
4504,-59.0
4505,80.0
4506,80.0
4507,-87.0
4508,80.0
4509,80.0
4510,80.0
4511,80.0
4512,80.0
4513,80.0
4514,80.0
4515,80.0
4516,80.0
4517,80.0
4518,80.0
4519,80.0
4520,80.0
4521,80.0
4522,80.0
4523,80.0
4524,80.0
4525,80.0
4526,80.0
4527,80.0
4528,80.0
4529,80.0
4530,80.0
4531,80.0
4532,80.0
4533,80.0
4534,80.0
4535,80.0
4536,80.0
4537,80.0
4538,80.0
4539,-57.0
4540,80.0
4541,80.0
4542,80.0
4543,80.0
4544,80.0
4545,80.0
4546,80.0
4547,80.0
4548,80.0
4549,80.0
4550,80.0
4551,80.0
4552,80.0
4553,80.0
4554,80.0
4555,80.0
4556,80.0
4557,80.0
4558,80.0
4559,80.0
4560,80.0
4561,80.0
4562,80.0
4563,80.0
4564,80.0
4565,80.0
4566,80.0
4567,80.0
4568,80.0
4569,80.0
4570,80.0
4571,80.0
4572,80.0
4573,80.0
4574,80.0
4575,80.0
4576,80.0
4577,80.0
4578,80.0
4579,80.0
4580,80.0
4581,80.0
4582,80.0
4583,80.0
4584,80.0
4585,80.0
4586,80.0
4587,80.0
4588,80.0
4589,80.0
4590,80.0
4591,80.0
4592,80.0
4593,80.0
4594,80.0
4595,80.0
4596,80.0
4597,80.0
4598,80.0
4599,80.0
4600,80.0
4601,80.0
4602,80.0
4603,80.0
4604,80.0
4605,80.0
4606,80.0
4607,80.0
4608,80.0
4609,80.0
4610,80.0
4611,80.0
4612,80.0
4613,80.0
4614,80.0
4615,80.0
4616,80.0
4617,80.0
4618,80.0
4619,80.0
4620,80.0
4621,-59.0
4622,80.0
4623,80.0
4624,80.0
4625,80.0
4626,80.0
4627,80.0
4628,80.0
4629,80.0
4630,80.0
4631,80.0
4632,80.0
4633,80.0
4634,80.0
4635,80.0
4636,80.0
4637,80.0
4638,80.0
4639,80.0
4640,80.0
4641,80.0
4642,80.0
4643,80.0
4644,-25.0
4645,80.0
4646,80.0
4647,80.0
4648,80.0
4649,80.0
4650,80.0
4651,80.0
4652,80.0
4653,80.0
4654,80.0
4655,80.0
4656,80.0
4657,80.0
4658,-85.0
4659,80.0
4660,80.0
4661,80.0
4662,80.0
4663,80.0
4664,80.0
4665,80.0
4666,80.0
4667,80.0
4668,80.0
4669,80.0
4670,80.0
4671,80.0
4672,80.0
4673,80.0
4674,80.0
4675,80.0
4676,80.0
4677,80.0
4678,80.0
4679,80.0
4680,80.0
4681,80.0
4682,80.0
4683,80.0
4684,80.0
4685,80.0
4686,80.0
4687,-88.0
4688,80.0
4689,80.0
4690,80.0
4691,80.0
4692,80.0
4693,80.0
4694,80.0
4695,80.0
4696,-45.0
4697,80.0
4698,80.0
4699,80.0
4700,80.0
4701,80.0
4702,80.0
4703,-37.0
4704,80.0
4705,80.0
4706,80.0
4707,80.0
4708,80.0
4709,80.0
4710,80.0
4711,80.0
4712,80.0
4713,80.0
4714,80.0
4715,80.0
4716,80.0
4717,80.0
4718,-81.0
4719,80.0
4720,80.0
4721,80.0
4722,80.0
4723,80.0
4724,80.0
4725,80.0
4726,80.0
4727,80.0
4728,-81.0
4729,80.0
4730,80.0
4731,80.0
4732,80.0
4733,80.0
4734,80.0
4735,80.0
4736,80.0
4737,80.0
4738,80.0
4739,80.0
4740,80.0
4741,80.0
4742,80.0
4743,80.0
4744,80.0
4745,80.0
4746,80.0
4747,80.0
4748,80.0
4749,80.0
4750,80.0
4751,-83.0
4752,80.0
4753,80.0
4754,80.0
4755,80.0
4756,80.0
4757,80.0
4758,80.0
4759,80.0
4760,80.0
4761,80.0
4762,-88.0
4763,80.0
4764,80.0
4765,80.0
4766,80.0
4767,80.0
4768,80.0
4769,80.0
4770,80.0
4771,80.0
4772,80.0
4773,80.0
4774,80.0
4775,80.0
4776,80.0
4777,80.0
4778,80.0
4779,80.0
4780,80.0
4781,80.0
4782,80.0
4783,80.0
4784,80.0
4785,80.0
4786,80.0
4787,80.0
4788,80.0
4789,80.0
4790,80.0
4791,80.0
4792,80.0
4793,80.0
4794,80.0
4795,80.0
4796,80.0
4797,80.0
4798,80.0
4799,80.0
4800,80.0
4801,-71.0
4802,80.0
4803,80.0
4804,80.0
4805,80.0
4806,80.0
4807,80.0
4808,80.0
4809,80.0
4810,80.0
4811,-88.0
4812,80.0
4813,80.0
4814,80.0
4815,80.0
4816,-31.0
4817,80.0
4818,80.0
4819,80.0
4820,80.0
4821,80.0
4822,80.0
4823,-35.0
4824,80.0
4825,80.0
4826,80.0
4827,80.0
4828,80.0
4829,80.0
4830,80.0
4831,80.0
4832,80.0
4833,80.0
4834,80.0
4835,80.0
4836,80.0
4837,80.0
4838,80.0
4839,80.0
4840,80.0
4841,80.0
4842,80.0
4843,80.0
4844,80.0
4845,80.0
4846,80.0
4847,80.0
4848,80.0
4849,80.0
4850,80.0
4851,80.0
4852,80.0
4853,80.0
4854,80.0
4855,80.0
4856,80.0
4857,80.0
4858,80.0
4859,80.0
4860,80.0
4861,80.0
4862,80.0
4863,80.0
4864,80.0
4865,80.0
4866,80.0
4867,80.0
4868,80.0
4869,-36.0
4870,80.0
4871,80.0
4872,80.0
4873,80.0
4874,80.0
4875,80.0
4876,80.0
4877,80.0
4878,80.0
4879,80.0
4880,80.0
4881,80.0
4882,80.0
4883,80.0
4884,80.0
4885,80.0
4886,-82.0
4887,80.0
4888,80.0
4889,80.0
4890,80.0
4891,80.0
4892,80.0
4893,-81.0
4894,80.0
4895,80.0
4896,80.0
4897,80.0
4898,80.0
4899,80.0
4900,80.0
4901,80.0
4902,80.0
4903,80.0
4904,80.0
4905,80.0
4906,80.0
4907,80.0
4908,80.0
4909,80.0
4910,80.0
4911,80.0
4912,80.0
4913,80.0
4914,80.0
4915,80.0
4916,80.0
4917,80.0
4918,80.0
4919,80.0
4920,80.0
4921,80.0
4922,80.0
4923,80.0
4924,80.0
4925,80.0
4926,80.0
4927,80.0
4928,80.0
4929,80.0
4930,80.0
4931,80.0
4932,80.0
4933,80.0
4934,80.0
4935,80.0
4936,80.0
4937,80.0
4938,80.0
4939,80.0
4940,80.0
4941,80.0
4942,80.0
4943,80.0
4944,80.0
4945,80.0
4946,80.0
4947,80.0
4948,80.0
4949,80.0
4950,80.0
4951,80.0
4952,80.0
4953,80.0
4954,80.0
4955,80.0
4956,80.0
4957,80.0
4958,80.0
4959,80.0
4960,80.0
4961,80.0
4962,80.0
4963,80.0
4964,80.0
4965,80.0
4966,80.0
4967,80.0
4968,80.0
4969,80.0
4970,80.0
4971,80.0
4972,80.0
4973,80.0
4974,80.0
4975,80.0
4976,80.0
4977,80.0
4978,80.0
4979,80.0
4980,80.0
4981,80.0
4982,80.0
4983,80.0
4984,80.0
4985,80.0
4986,80.0
4987,80.0
4988,80.0
4989,80.0
4990,80.0
4991,80.0
4992,80.0
4993,80.0
4994,80.0
4995,80.0
4996,80.0
4997,80.0
4998,80.0
4999,80.0
5000,80.0
5001,80.0
5002,80.0
5003,80.0
5004,80.0
5005,80.0
5006,80.0
5007,80.0
5008,80.0
5009,80.0
5010,80.0
5011,80.0
5012,80.0
5013,80.0
5014,80.0
5015,80.0
5016,80.0
5017,80.0
5018,80.0
5019,-88.0
5020,80.0
5021,80.0
5022,80.0
5023,80.0
5024,-99.0
5025,80.0
5026,80.0
5027,80.0
5028,80.0
5029,80.0
5030,80.0
5031,-48.0
5032,80.0
5033,80.0
5034,80.0
5035,80.0
5036,80.0
5037,80.0
5038,80.0
5039,80.0
5040,80.0
5041,80.0
5042,80.0
5043,80.0
5044,80.0
5045,80.0
5046,80.0
5047,80.0
5048,80.0
5049,80.0
5050,80.0
5051,-58.0
5052,80.0
5053,80.0
5054,80.0
5055,80.0
5056,80.0
5057,80.0
5058,80.0
5059,80.0
5060,80.0
5061,80.0
5062,80.0
5063,80.0
5064,80.0
5065,80.0
5066,80.0
5067,80.0
5068,80.0
5069,80.0
5070,80.0
5071,80.0
5072,80.0
5073,80.0
5074,80.0
5075,80.0
5076,80.0
5077,80.0
5078,80.0
5079,80.0
5080,80.0
5081,80.0
5082,80.0
5083,80.0
5084,80.0
5085,80.0
5086,80.0
5087,80.0
5088,80.0
5089,80.0
5090,80.0
5091,80.0
5092,80.0
5093,80.0
5094,80.0
5095,80.0
5096,80.0
5097,80.0
5098,80.0
5099,80.0
5100,80.0
5101,80.0
5102,80.0
5103,80.0
5104,80.0
5105,80.0
5106,-88.0
5107,80.0
5108,80.0
5109,80.0
5110,80.0
5111,80.0
5112,80.0
5113,80.0
5114,80.0
5115,80.0
5116,80.0
5117,80.0
5118,80.0
5119,80.0
5120,80.0
5121,80.0
5122,80.0
5123,80.0
5124,80.0
5125,80.0
5126,80.0
5127,80.0
5128,80.0
5129,80.0
5130,80.0
5131,80.0
5132,80.0
5133,80.0
5134,80.0
5135,-87.0
5136,80.0
5137,80.0
5138,80.0
5139,80.0
5140,80.0
5141,80.0
5142,80.0
5143,80.0
5144,80.0
5145,80.0
5146,80.0
5147,80.0
5148,80.0
5149,80.0
5150,80.0
5151,80.0
5152,80.0
5153,80.0
5154,80.0
5155,80.0
5156,80.0
5157,80.0
5158,80.0
5159,80.0
5160,80.0
5161,80.0
5162,80.0
5163,80.0
5164,80.0
5165,80.0
5166,80.0
5167,80.0
5168,80.0
5169,80.0
5170,80.0
5171,80.0
5172,80.0
5173,80.0
5174,80.0
5175,80.0
5176,80.0
5177,80.0
5178,80.0
5179,80.0
5180,80.0
5181,80.0
5182,80.0
5183,80.0
5184,80.0
5185,80.0
5186,80.0
5187,80.0
5188,80.0
5189,80.0
5190,80.0
5191,80.0
5192,80.0
5193,80.0
5194,-99.0
5195,80.0
5196,80.0
5197,80.0
5198,80.0
5199,80.0
5200,80.0
5201,80.0
5202,80.0
5203,80.0
5204,80.0
5205,80.0
5206,80.0
5207,80.0
5208,80.0
5209,80.0
5210,80.0
5211,80.0
5212,80.0
5213,80.0
5214,80.0
5215,80.0
5216,80.0
5217,80.0
5218,80.0
5219,80.0
5220,80.0
5221,80.0
5222,80.0
5223,80.0
5224,80.0
5225,80.0
5226,80.0
5227,-86.0
5228,80.0
5229,80.0
5230,-58.0
5231,80.0
5232,80.0
5233,80.0
5234,80.0
5235,80.0
5236,80.0
5237,80.0
5238,80.0
5239,80.0
5240,80.0
5241,80.0
5242,80.0
5243,-98.0
5244,80.0
5245,80.0
5246,80.0
5247,80.0
5248,80.0
5249,80.0
5250,80.0
5251,-47.0
5252,80.0
5253,80.0
5254,80.0
5255,80.0
5256,80.0
5257,80.0
5258,80.0
5259,80.0
5260,80.0
5261,80.0
5262,80.0
5263,80.0
5264,80.0
5265,80.0
5266,80.0
5267,-35.0
5268,80.0
5269,80.0
5270,80.0
5271,80.0
5272,80.0
5273,80.0
5274,80.0
5275,80.0
5276,80.0
5277,-33.0
5278,80.0
5279,80.0
5280,80.0
5281,80.0
5282,80.0
5283,80.0
5284,80.0
5285,80.0
5286,80.0
5287,80.0
5288,80.0
5289,80.0
5290,-47.0
5291,80.0
5292,80.0
5293,80.0
5294,80.0
5295,80.0
5296,80.0
5297,80.0
5298,80.0
5299,80.0
5300,80.0
5301,80.0
5302,80.0
5303,80.0
5304,80.0
5305,80.0
5306,80.0
5307,80.0
5308,80.0
5309,80.0
5310,80.0
5311,80.0
5312,80.0
5313,80.0
5314,80.0
5315,80.0
5316,80.0
5317,80.0
5318,80.0
5319,80.0
5320,80.0
5321,80.0
5322,80.0
5323,80.0
5324,80.0
5325,80.0
5326,80.0
5327,80.0
5328,80.0
5329,80.0
5330,80.0
5331,80.0
5332,80.0
5333,80.0
5334,80.0
5335,80.0
5336,80.0
5337,80.0
5338,80.0
5339,80.0
5340,80.0
5341,80.0
5342,80.0
5343,80.0
5344,80.0
5345,80.0
5346,-31.0
5347,80.0
5348,80.0
5349,80.0
5350,80.0
5351,80.0
5352,80.0
5353,80.0
5354,80.0
5355,80.0
5356,80.0
5357,80.0
5358,80.0
5359,80.0
5360,80.0
5361,80.0
5362,80.0
5363,80.0
5364,80.0
5365,80.0
5366,80.0
5367,-31.0
5368,80.0
5369,80.0
5370,80.0
5371,80.0
5372,80.0
5373,80.0
5374,-47.0
5375,80.0
5376,80.0
5377,80.0
5378,80.0
5379,80.0
5380,80.0
5381,80.0
5382,80.0
5383,80.0
5384,80.0
5385,80.0
5386,80.0
5387,80.0
5388,80.0
5389,80.0
5390,80.0
5391,-34.0
5392,80.0
5393,-83.0
5394,80.0
5395,-36.0
5396,80.0
5397,80.0
5398,80.0
5399,80.0
5400,80.0
5401,80.0
5402,80.0
5403,80.0
5404,80.0
5405,80.0
5406,80.0
5407,80.0
5408,80.0
5409,80.0
5410,80.0
5411,80.0
5412,80.0
5413,80.0
5414,80.0
5415,80.0
5416,80.0
5417,80.0
5418,80.0
5419,80.0
5420,80.0
5421,80.0
5422,80.0
5423,80.0
5424,80.0
5425,80.0
5426,80.0
5427,80.0
5428,80.0
5429,80.0
5430,80.0
5431,80.0
5432,80.0
5433,80.0
5434,80.0
5435,80.0
5436,80.0
5437,80.0
5438,80.0
5439,80.0
5440,-33.0
5441,80.0
5442,80.0
5443,80.0
5444,80.0
5445,80.0
5446,80.0
5447,80.0
5448,80.0
5449,80.0
5450,80.0
5451,80.0
5452,80.0
5453,80.0
5454,80.0
5455,80.0
5456,80.0
5457,80.0
5458,80.0
5459,80.0
5460,80.0
5461,80.0
5462,80.0
5463,80.0
5464,80.0
5465,80.0
5466,80.0
5467,80.0
5468,80.0
5469,80.0
5470,80.0
5471,80.0
5472,80.0
5473,80.0
5474,80.0
5475,80.0
5476,80.0
5477,80.0
5478,80.0
5479,80.0
5480,-99.0
5481,80.0
5482,80.0
5483,80.0
5484,80.0
5485,80.0
5486,80.0
5487,80.0
5488,80.0
5489,80.0
5490,80.0
5491,80.0
5492,80.0
5493,80.0
5494,80.0
5495,80.0
5496,80.0
5497,80.0
5498,80.0
5499,80.0
5500,80.0
5501,80.0
5502,80.0
5503,80.0
5504,80.0
5505,80.0
5506,80.0
5507,80.0
5508,80.0
5509,80.0
5510,80.0
5511,80.0
5512,80.0
5513,80.0
5514,80.0
5515,80.0
5516,80.0
5517,-81.0
5518,80.0
5519,80.0
5520,80.0
5521,80.0
5522,-36.0
5523,80.0
5524,80.0
5525,80.0
5526,80.0
5527,80.0
5528,80.0
5529,80.0
5530,80.0
5531,80.0
5532,80.0
5533,80.0
5534,80.0
5535,80.0
5536,80.0
5537,80.0
5538,80.0
5539,80.0
5540,80.0
5541,80.0
5542,80.0
5543,80.0
5544,80.0
5545,80.0
5546,80.0
5547,80.0
5548,80.0
5549,-71.0
5550,80.0
5551,80.0
5552,80.0
5553,80.0
5554,80.0
5555,80.0
5556,80.0
5557,80.0
5558,80.0
5559,80.0
5560,80.0
5561,80.0
5562,80.0
5563,80.0
5564,80.0
5565,80.0
5566,80.0
5567,80.0
5568,80.0
5569,80.0
5570,80.0
5571,80.0
5572,80.0
5573,80.0
5574,80.0
5575,80.0
5576,80.0
5577,80.0
5578,80.0
5579,80.0
5580,80.0
5581,80.0
5582,80.0
5583,80.0
5584,80.0
5585,80.0
5586,80.0
5587,80.0
5588,80.0
5589,-69.0
5590,80.0
5591,80.0
5592,80.0
5593,80.0
5594,80.0
5595,80.0
5596,80.0
5597,80.0
5598,80.0
5599,80.0
5600,-59.0
5601,80.0
5602,80.0
5603,80.0
5604,80.0
5605,-33.0
5606,80.0
5607,80.0
5608,80.0
5609,80.0
5610,80.0
5611,80.0
5612,80.0
5613,80.0
5614,80.0
5615,80.0
5616,80.0
5617,80.0
5618,80.0
5619,80.0
5620,80.0
5621,80.0
5622,80.0
5623,80.0
5624,80.0
5625,80.0
5626,80.0
5627,80.0
5628,80.0
5629,80.0
5630,80.0
5631,80.0
5632,80.0
5633,80.0
5634,80.0
5635,80.0
5636,80.0
5637,80.0
5638,80.0
5639,80.0
5640,-84.0
5641,80.0
5642,80.0
5643,80.0
5644,80.0
5645,80.0
5646,80.0
5647,80.0
5648,80.0
5649,80.0
5650,80.0
5651,80.0
5652,80.0
5653,80.0
5654,80.0
5655,80.0
5656,80.0
5657,80.0
5658,80.0
5659,-31.0
5660,80.0
5661,-81.0
5662,80.0
5663,80.0
5664,80.0
5665,80.0
5666,80.0
5667,80.0
5668,80.0
5669,80.0
5670,80.0
5671,80.0
5672,80.0
5673,80.0
5674,80.0
5675,80.0
5676,80.0
5677,80.0
5678,80.0
5679,80.0
5680,80.0
5681,80.0
5682,80.0
5683,80.0
5684,80.0
5685,80.0
5686,80.0
5687,80.0
5688,80.0
5689,80.0
5690,80.0
5691,80.0
5692,80.0
5693,80.0
5694,80.0
5695,80.0
5696,80.0
5697,80.0
5698,80.0
5699,80.0
5700,80.0
5701,80.0
5702,80.0
5703,80.0
5704,80.0
5705,80.0
5706,80.0
5707,80.0
5708,80.0
5709,80.0
5710,80.0
5711,80.0
5712,80.0
5713,80.0
5714,80.0
5715,80.0
5716,80.0
5717,80.0
5718,80.0
5719,80.0
5720,80.0
5721,80.0
5722,80.0
5723,-32.0
5724,80.0
5725,80.0
5726,80.0
5727,80.0
5728,80.0
5729,80.0
5730,80.0
5731,80.0
5732,80.0
5733,80.0
5734,80.0
5735,80.0
5736,80.0
5737,80.0
5738,80.0
5739,80.0
5740,80.0
5741,80.0
5742,80.0
5743,80.0
5744,80.0
5745,80.0
5746,80.0
5747,80.0
5748,80.0
5749,80.0
5750,80.0
5751,-82.0
5752,80.0
5753,80.0
5754,80.0
5755,80.0
5756,80.0
5757,80.0
5758,80.0
5759,80.0
5760,80.0
5761,80.0
5762,80.0
5763,80.0
5764,80.0
5765,80.0
5766,80.0
5767,80.0
5768,80.0
5769,80.0
5770,80.0
5771,80.0
5772,80.0
5773,80.0
5774,80.0
5775,80.0
5776,80.0
5777,80.0
5778,80.0
5779,80.0
5780,80.0
5781,80.0
5782,80.0
5783,80.0
5784,80.0
5785,80.0
5786,80.0
5787,80.0
5788,80.0
5789,80.0
5790,80.0
5791,80.0
5792,80.0
5793,80.0
5794,80.0
5795,80.0
5796,80.0
5797,80.0
5798,80.0
5799,80.0
5800,80.0
5801,80.0
5802,80.0
5803,80.0
5804,80.0
5805,80.0
5806,80.0
5807,80.0
5808,80.0
5809,80.0
5810,80.0
5811,80.0
5812,80.0
5813,80.0
5814,80.0
5815,80.0
5816,80.0
5817,80.0
5818,80.0
5819,80.0
5820,80.0
5821,80.0
5822,80.0
5823,80.0
5824,-31.0
5825,80.0
5826,80.0
5827,80.0
5828,80.0
5829,80.0
5830,80.0
5831,80.0
5832,80.0
5833,80.0
5834,80.0
5835,80.0
5836,80.0
5837,80.0
5838,80.0
5839,80.0
5840,80.0
5841,80.0
5842,80.0
5843,80.0
5844,80.0
5845,80.0
5846,80.0
5847,80.0
5848,80.0
5849,80.0
5850,80.0
5851,-57.0
5852,80.0
5853,80.0
5854,80.0
5855,-70.0
5856,80.0
5857,80.0
5858,-100.0
5859,80.0
5860,80.0
5861,80.0
5862,80.0
5863,80.0
5864,80.0
5865,80.0
5866,80.0
5867,-98.0
5868,80.0
5869,80.0
5870,80.0
5871,80.0
5872,80.0
5873,80.0
5874,80.0
5875,80.0
5876,80.0
5877,80.0
5878,80.0
5879,80.0
5880,80.0
5881,80.0
5882,80.0
5883,80.0
5884,80.0
5885,80.0
5886,80.0
5887,80.0
5888,80.0
5889,80.0
5890,80.0
5891,80.0
5892,80.0
5893,80.0
5894,80.0
5895,80.0
5896,-47.0
5897,80.0
5898,80.0
5899,80.0
5900,80.0
5901,-47.0
5902,-87.0
5903,80.0
5904,80.0
5905,80.0
5906,80.0
5907,80.0
5908,80.0
5909,80.0
5910,80.0
5911,80.0
5912,80.0
5913,80.0
5914,80.0
5915,80.0
5916,80.0
5917,80.0
5918,80.0
5919,80.0
5920,80.0
5921,80.0
5922,80.0
5923,80.0
5924,80.0
5925,-33.0
5926,80.0
5927,-99.0
5928,80.0
5929,80.0
5930,80.0
5931,80.0
5932,80.0
5933,80.0
5934,80.0
5935,80.0
5936,80.0
5937,80.0
5938,80.0
5939,80.0
5940,80.0
5941,80.0
5942,80.0
5943,80.0
5944,80.0
5945,-82.0
5946,80.0
5947,80.0
5948,80.0
5949,80.0
5950,80.0
5951,80.0
5952,80.0
5953,80.0
5954,80.0
5955,80.0
5956,80.0
5957,80.0
5958,80.0
5959,80.0
5960,80.0
5961,80.0
5962,80.0
5963,80.0
5964,80.0
5965,80.0
5966,80.0
5967,80.0
5968,80.0
5969,80.0
5970,80.0
5971,80.0
5972,80.0
5973,80.0
5974,-69.0
5975,80.0
5976,80.0
5977,80.0
5978,80.0
5979,80.0
5980,80.0
5981,80.0
5982,80.0
5983,80.0
5984,80.0
5985,80.0
5986,80.0
5987,80.0
5988,80.0
5989,80.0
5990,80.0
5991,80.0
5992,80.0
5993,80.0
5994,80.0
5995,80.0
5996,80.0
5997,80.0
5998,80.0
5999,80.0
6000,80.0
6001,80.0
6002,80.0
6003,80.0
6004,80.0
6005,80.0
6006,80.0
6007,80.0
6008,80.0
6009,80.0
6010,80.0
6011,80.0
6012,80.0
6013,80.0
6014,80.0
6015,-100.0
6016,80.0
6017,80.0
6018,80.0
6019,80.0
6020,80.0
6021,80.0
6022,80.0
6023,80.0
6024,-45.0
6025,80.0
6026,80.0
6027,-34.0
6028,80.0
6029,-98.0
6030,80.0
6031,80.0
6032,80.0
6033,80.0
6034,80.0
6035,80.0
6036,80.0
6037,80.0
6038,80.0
6039,80.0
6040,80.0
6041,80.0
6042,80.0
6043,80.0
6044,80.0
6045,80.0
6046,80.0
6047,80.0
6048,80.0
6049,80.0
6050,80.0
6051,80.0
6052,80.0
6053,80.0
6054,80.0
6055,80.0
6056,80.0
6057,80.0
6058,80.0
6059,80.0
6060,80.0
6061,80.0
6062,80.0
6063,80.0
6064,80.0
6065,80.0
6066,-71.0
6067,-59.0
6068,80.0
6069,-35.0
6070,80.0
6071,80.0
6072,80.0
6073,80.0
6074,80.0
6075,80.0
6076,80.0
6077,80.0
6078,80.0
6079,80.0
6080,80.0
6081,80.0
6082,80.0
6083,80.0
6084,80.0
6085,80.0
6086,80.0
6087,80.0
6088,-99.0
6089,80.0
6090,-84.0
6091,80.0
6092,80.0
6093,80.0
6094,80.0
6095,80.0
6096,80.0
6097,80.0
6098,80.0
6099,80.0
6100,80.0
6101,80.0
6102,80.0
6103,80.0
6104,80.0
6105,80.0
6106,-99.0
6107,80.0
6108,80.0
6109,80.0
6110,80.0
6111,80.0
6112,80.0
6113,80.0
6114,80.0
6115,80.0
6116,80.0
6117,80.0
6118,80.0
6119,80.0
6120,80.0
6121,80.0
6122,80.0
6123,80.0
6124,80.0
6125,80.0
6126,80.0
6127,80.0
6128,80.0
6129,80.0
6130,80.0
6131,80.0
6132,80.0
6133,80.0
6134,-99.0
6135,80.0
6136,80.0
6137,80.0
6138,80.0
6139,80.0
6140,80.0
6141,80.0
6142,80.0
6143,80.0
6144,80.0
6145,80.0
6146,80.0
6147,80.0
6148,80.0
6149,80.0
6150,80.0
6151,-59.0
6152,-100.0
6153,80.0
6154,80.0
6155,80.0
6156,80.0
6157,-57.0
6158,80.0
6159,80.0
6160,80.0
6161,80.0
6162,80.0
6163,80.0
6164,80.0
6165,80.0
6166,80.0
6167,80.0
6168,80.0
6169,80.0
6170,80.0
6171,-82.0
6172,80.0
6173,80.0
6174,80.0
6175,80.0
6176,80.0
6177,80.0
6178,80.0
6179,80.0
6180,80.0
6181,80.0
6182,80.0
6183,80.0
6184,80.0
6185,80.0
6186,80.0
6187,80.0
6188,80.0
6189,80.0
6190,80.0
6191,80.0
6192,80.0
6193,-86.0
6194,80.0
6195,80.0
6196,80.0
6197,80.0
6198,80.0
6199,80.0
6200,80.0
6201,80.0
6202,80.0
6203,-34.0
6204,80.0
6205,80.0
6206,80.0
6207,80.0
6208,80.0
6209,80.0
6210,80.0
6211,80.0
6212,80.0
6213,80.0
6214,80.0
6215,80.0
6216,80.0
6217,80.0
6218,80.0
6219,80.0
6220,80.0
6221,80.0
6222,80.0
6223,80.0
6224,80.0
6225,80.0
6226,80.0
6227,80.0
6228,80.0
6229,80.0
6230,80.0
6231,80.0
6232,80.0
6233,80.0
6234,80.0
6235,80.0
6236,80.0
6237,80.0
6238,80.0
6239,80.0
6240,80.0
6241,80.0
6242,80.0
6243,80.0
6244,80.0
6245,80.0
6246,80.0
6247,80.0
6248,80.0
6249,80.0
6250,80.0
6251,80.0
6252,80.0
6253,80.0
6254,80.0
6255,80.0
6256,80.0
6257,80.0
6258,80.0
6259,-99.0
6260,80.0
6261,80.0
6262,80.0
6263,80.0
6264,80.0
6265,80.0
6266,80.0
6267,80.0
6268,80.0
6269,80.0
6270,80.0
6271,80.0
6272,80.0
6273,80.0
6274,80.0
6275,-31.0
6276,80.0
6277,80.0
6278,-99.0
6279,80.0
6280,80.0
6281,80.0
6282,80.0
6283,80.0
6284,80.0
6285,80.0
6286,80.0
6287,80.0
6288,80.0
6289,80.0
6290,80.0
6291,-86.0
6292,80.0
6293,80.0
6294,80.0
6295,-85.0
6296,80.0
6297,80.0
6298,80.0
6299,80.0
6300,80.0
6301,80.0
6302,80.0
6303,80.0
6304,80.0
6305,80.0
6306,80.0
6307,80.0
6308,80.0
6309,80.0
6310,80.0
6311,-59.0
6312,80.0
6313,80.0
6314,80.0
6315,80.0
6316,80.0
6317,80.0
6318,80.0
6319,80.0
6320,80.0
6321,80.0
6322,80.0
6323,80.0
6324,80.0
6325,80.0
6326,80.0
6327,80.0
6328,80.0
6329,80.0
6330,80.0
6331,80.0
6332,80.0
6333,80.0
6334,80.0
6335,80.0
6336,80.0
6337,80.0
6338,80.0
6339,80.0
6340,80.0
6341,-71.0
6342,80.0
6343,80.0
6344,80.0
6345,80.0
6346,80.0
6347,80.0
6348,80.0
6349,80.0
6350,80.0
6351,80.0
6352,80.0
6353,80.0
6354,80.0
6355,80.0
6356,80.0
6357,80.0
6358,80.0
6359,80.0
6360,80.0
6361,80.0
6362,80.0
6363,80.0
6364,80.0
6365,80.0
6366,80.0
6367,80.0
6368,80.0
6369,80.0
6370,80.0
6371,80.0
6372,80.0
6373,80.0
6374,80.0
6375,80.0
6376,80.0
6377,80.0
6378,80.0
6379,80.0
6380,80.0
6381,80.0
6382,80.0
6383,-68.0
6384,80.0
6385,80.0
6386,80.0
6387,80.0
6388,80.0
6389,80.0
6390,80.0
6391,80.0
6392,80.0
6393,80.0
6394,80.0
6395,80.0
6396,80.0
6397,80.0
6398,80.0
6399,80.0
6400,80.0
6401,-87.0
6402,80.0
6403,80.0
6404,80.0
6405,80.0
6406,80.0
6407,80.0
6408,80.0
6409,80.0
6410,80.0
6411,80.0
6412,80.0
6413,79.0
6414,80.0
6415,80.0
6416,80.0
6417,80.0
6418,80.0
6419,80.0
6420,80.0
6421,80.0
6422,80.0
6423,80.0
6424,80.0
6425,80.0
6426,80.0
6427,80.0
6428,80.0
6429,80.0
6430,80.0
6431,80.0
6432,80.0
6433,80.0
6434,80.0
6435,80.0
6436,80.0
6437,80.0
6438,80.0
6439,80.0
6440,80.0
6441,80.0
6442,80.0
6443,80.0
6444,80.0
6445,80.0
6446,80.0
6447,80.0
6448,80.0
6449,80.0
6450,80.0
6451,80.0
6452,80.0
6453,80.0
6454,80.0
6455,80.0
6456,80.0
6457,80.0
6458,80.0
6459,80.0
6460,80.0
6461,80.0
6462,80.0
6463,80.0
6464,80.0
6465,80.0
6466,80.0
6467,80.0
6468,80.0
6469,80.0
6470,80.0
6471,-81.0
6472,80.0
6473,80.0
6474,80.0
6475,80.0
6476,80.0
6477,80.0
6478,80.0
6479,80.0
6480,80.0
6481,80.0
6482,80.0
6483,80.0
6484,80.0
6485,80.0
6486,80.0
6487,80.0
6488,80.0
6489,80.0
6490,80.0
6491,80.0
6492,80.0
6493,80.0
6494,80.0
6495,80.0
6496,80.0
6497,80.0
6498,80.0
6499,80.0
6500,80.0
6501,80.0
6502,80.0
6503,80.0
6504,80.0
6505,80.0
6506,80.0
6507,80.0
6508,80.0
6509,80.0
6510,80.0
6511,80.0
6512,80.0
6513,80.0
6514,80.0
6515,80.0
6516,80.0
6517,80.0
6518,80.0
6519,80.0
6520,80.0
6521,-59.0
6522,80.0
6523,80.0
6524,80.0
6525,80.0
6526,80.0
6527,80.0
6528,80.0
6529,80.0
6530,80.0
6531,80.0
6532,80.0
6533,80.0
6534,80.0
6535,80.0
6536,80.0
6537,80.0
6538,80.0
6539,80.0
6540,80.0
6541,80.0
6542,80.0
6543,80.0
6544,80.0
6545,80.0
6546,80.0
6547,80.0
6548,80.0
6549,-71.0
6550,80.0
6551,80.0
6552,80.0
6553,80.0
6554,80.0
6555,80.0
6556,80.0
6557,80.0
6558,80.0
6559,80.0
6560,80.0
6561,80.0
6562,80.0
6563,80.0
6564,80.0
6565,80.0
6566,80.0
6567,80.0
6568,80.0
6569,80.0
6570,80.0
6571,80.0
6572,80.0
6573,-100.0
6574,80.0
6575,80.0
6576,80.0
6577,80.0
6578,80.0
6579,80.0
6580,80.0
6581,80.0
6582,80.0
6583,80.0
6584,80.0
6585,80.0
6586,80.0
6587,80.0
6588,80.0
6589,80.0
6590,80.0
6591,80.0
6592,80.0
6593,80.0
6594,80.0
6595,80.0
6596,80.0
6597,80.0
6598,-100.0
6599,80.0
6600,80.0
6601,80.0
6602,80.0
6603,80.0
6604,80.0
6605,80.0
6606,80.0
6607,80.0
6608,80.0
6609,80.0
6610,80.0
6611,80.0
6612,80.0
6613,80.0
6614,80.0
6615,80.0
6616,80.0
6617,80.0
6618,80.0
6619,80.0
6620,80.0
6621,80.0
6622,80.0
6623,80.0
6624,80.0
6625,80.0
6626,80.0
6627,80.0
6628,80.0
6629,80.0
6630,80.0
6631,80.0
6632,-59.0
6633,80.0
6634,80.0
6635,80.0
6636,80.0
6637,80.0
6638,80.0
6639,80.0
6640,80.0
6641,-99.0
6642,80.0
6643,80.0
6644,80.0
6645,80.0
6646,80.0
6647,80.0
6648,80.0
6649,80.0
6650,80.0
6651,80.0
6652,80.0
6653,80.0
6654,80.0
6655,80.0
6656,80.0
6657,80.0
6658,80.0
6659,80.0
6660,80.0
6661,-100.0
6662,80.0
6663,80.0
6664,80.0
6665,80.0
6666,80.0
6667,80.0
6668,80.0
6669,80.0
6670,80.0
6671,80.0
6672,80.0
6673,80.0
6674,80.0
6675,80.0
6676,80.0
6677,80.0
6678,80.0
6679,80.0
6680,80.0
6681,80.0
6682,80.0
6683,80.0
6684,80.0
6685,-68.0
6686,80.0
6687,-98.0
6688,-85.0
6689,80.0
6690,80.0
6691,80.0
6692,80.0
6693,80.0
6694,80.0
6695,80.0
6696,80.0
6697,80.0
6698,80.0
6699,80.0
6700,80.0
6701,80.0
6702,80.0
6703,80.0
6704,80.0
6705,80.0
6706,80.0
6707,80.0
6708,80.0
6709,80.0
6710,80.0
6711,80.0
6712,80.0
6713,80.0
6714,80.0
6715,-58.0
6716,80.0
6717,80.0
6718,80.0
6719,80.0
6720,80.0
6721,80.0
6722,80.0
6723,80.0
6724,80.0
6725,80.0
6726,80.0
6727,80.0
6728,-87.0
6729,80.0
6730,80.0
6731,80.0
6732,80.0
6733,80.0
6734,80.0
6735,80.0
6736,80.0
6737,80.0
6738,80.0
6739,80.0
6740,80.0
6741,80.0
6742,80.0
6743,80.0
6744,80.0
6745,80.0
6746,-84.0
6747,80.0
6748,80.0
6749,80.0
6750,80.0
6751,80.0
6752,80.0
6753,80.0
6754,80.0
6755,80.0
6756,80.0
6757,80.0
6758,80.0
6759,80.0
6760,80.0
6761,80.0
6762,80.0
6763,80.0
6764,80.0
6765,80.0
6766,80.0
6767,80.0
6768,80.0
6769,80.0
6770,80.0
6771,80.0
6772,80.0
6773,80.0
6774,80.0
6775,80.0
6776,80.0
6777,80.0
6778,80.0
6779,80.0
6780,80.0
6781,80.0
6782,80.0
6783,80.0
6784,80.0
6785,80.0
6786,80.0
6787,80.0
6788,80.0
6789,80.0
6790,80.0
6791,80.0
6792,80.0
6793,80.0
6794,80.0
6795,80.0
6796,80.0
6797,80.0
6798,80.0
6799,80.0
6800,80.0
6801,80.0
6802,80.0
6803,80.0
6804,80.0
6805,80.0
6806,80.0
6807,80.0
6808,80.0
6809,80.0
6810,80.0
6811,80.0
6812,80.0
6813,80.0
6814,80.0
6815,80.0
6816,80.0
6817,80.0
6818,80.0
6819,80.0
6820,80.0
6821,80.0
6822,80.0
6823,80.0
6824,80.0
6825,80.0
6826,80.0
6827,80.0
6828,80.0
6829,80.0
6830,80.0
6831,80.0
6832,80.0
6833,80.0
6834,80.0
6835,80.0
6836,80.0
6837,80.0
6838,80.0
6839,80.0
6840,80.0
6841,80.0
6842,80.0
6843,80.0
6844,-71.0
6845,80.0
6846,80.0
6847,80.0
6848,80.0
6849,80.0
6850,80.0
6851,80.0
6852,80.0
6853,80.0
6854,80.0
6855,-87.0
6856,80.0
6857,80.0
6858,80.0
6859,80.0
6860,80.0
6861,80.0
6862,80.0
6863,80.0
6864,80.0
6865,80.0
6866,80.0
6867,80.0
6868,80.0
6869,80.0
6870,80.0
6871,80.0
6872,80.0
6873,80.0
6874,80.0
6875,80.0
6876,80.0
6877,80.0
6878,80.0
6879,80.0
6880,80.0
6881,80.0
6882,80.0
6883,80.0
6884,80.0
6885,80.0
6886,80.0
6887,80.0
6888,80.0
6889,80.0
6890,80.0
6891,80.0
6892,80.0
6893,80.0
6894,80.0
6895,80.0
6896,80.0
6897,80.0
6898,80.0
6899,80.0
6900,80.0
6901,80.0
6902,80.0
6903,80.0
6904,80.0
6905,80.0
6906,80.0
6907,80.0
6908,-59.0
6909,80.0
6910,80.0
6911,80.0
6912,80.0
6913,80.0
6914,-87.0
6915,80.0
6916,80.0
6917,80.0
6918,80.0
6919,80.0
6920,80.0
6921,80.0
6922,80.0
6923,80.0
6924,80.0
6925,80.0
6926,80.0
6927,80.0
6928,80.0
6929,80.0
6930,80.0
6931,80.0
6932,80.0
6933,80.0
6934,80.0
6935,80.0
6936,80.0
6937,80.0
6938,80.0
6939,80.0
6940,80.0
6941,80.0
6942,80.0
6943,80.0
6944,80.0
6945,80.0
6946,80.0
6947,80.0
6948,80.0
6949,80.0
6950,80.0
6951,80.0
6952,80.0
6953,80.0
6954,80.0
6955,80.0
6956,80.0
6957,80.0
6958,80.0
6959,80.0
6960,80.0
6961,80.0
6962,80.0
6963,80.0
6964,80.0
6965,80.0
6966,80.0
6967,80.0
6968,80.0
6969,80.0
6970,80.0
6971,-36.0
6972,80.0
6973,80.0
6974,80.0
6975,80.0
6976,80.0
6977,80.0
6978,-69.0
6979,80.0
6980,80.0
6981,80.0
6982,80.0
6983,80.0
6984,80.0
6985,80.0
6986,80.0
6987,80.0
6988,80.0
6989,80.0
6990,80.0
6991,80.0
6992,80.0
6993,80.0
6994,80.0
6995,80.0
6996,80.0
6997,80.0
6998,80.0
6999,80.0
7000,80.0
7001,80.0
7002,80.0
7003,80.0
7004,80.0
7005,80.0
7006,80.0
7007,80.0
7008,80.0
7009,80.0
7010,80.0
7011,80.0
7012,80.0
7013,80.0
7014,80.0
7015,80.0
7016,80.0
7017,80.0
7018,80.0
7019,80.0
7020,80.0
7021,80.0
7022,80.0
7023,80.0
7024,80.0
7025,80.0
7026,80.0
7027,80.0
7028,80.0
7029,80.0
7030,80.0
7031,80.0
7032,80.0
7033,80.0
7034,80.0
7035,80.0
7036,80.0
7037,80.0
7038,80.0
7039,80.0
7040,80.0
7041,80.0
7042,80.0
7043,80.0
7044,80.0
7045,80.0
7046,80.0
7047,80.0
7048,80.0
7049,80.0
7050,80.0
7051,80.0
7052,80.0
7053,80.0
7054,80.0
7055,-31.0
7056,80.0
7057,80.0
7058,80.0
7059,80.0
7060,80.0
7061,80.0
7062,80.0
7063,80.0
7064,80.0
7065,80.0
7066,80.0
7067,80.0
7068,80.0
7069,-81.0
7070,80.0
7071,80.0
7072,80.0
7073,80.0
7074,80.0
7075,80.0
7076,80.0
7077,80.0
7078,80.0
7079,80.0
7080,80.0
7081,80.0
7082,80.0
7083,80.0
7084,80.0
7085,80.0
7086,80.0
7087,-31.0
7088,80.0
7089,80.0
7090,80.0
7091,80.0
7092,80.0
7093,80.0
7094,-85.0
7095,80.0
7096,80.0
7097,80.0
7098,80.0
7099,80.0
7100,80.0
7101,80.0
7102,80.0
7103,80.0
7104,80.0
7105,80.0
7106,80.0
7107,80.0
7108,-87.0
7109,80.0
7110,80.0
7111,80.0
7112,80.0
7113,80.0
7114,80.0
7115,80.0
7116,80.0
7117,-48.0
7118,80.0
7119,80.0
7120,80.0
7121,80.0
7122,80.0
7123,80.0
7124,80.0
7125,80.0
7126,80.0
7127,80.0
7128,80.0
7129,80.0
7130,80.0
7131,80.0
7132,80.0
7133,-71.0
7134,80.0
7135,80.0
7136,80.0
7137,80.0
7138,80.0
7139,80.0
7140,80.0
7141,80.0
7142,80.0
7143,80.0
7144,80.0
7145,80.0
7146,80.0
7147,-48.0
7148,80.0
7149,80.0
7150,80.0
7151,80.0
7152,80.0
7153,80.0
7154,80.0
7155,80.0
7156,80.0
7157,80.0
7158,-57.0
7159,80.0
7160,80.0
7161,80.0
7162,80.0
7163,80.0
7164,80.0
7165,80.0
7166,80.0
7167,80.0
7168,80.0
7169,80.0
7170,80.0
7171,80.0
7172,80.0
7173,80.0
7174,80.0
7175,80.0
7176,80.0
7177,80.0
7178,80.0
7179,80.0
7180,80.0
7181,80.0
7182,80.0
7183,80.0
7184,80.0
7185,80.0
7186,80.0
7187,-99.0
7188,80.0
7189,80.0
7190,80.0
7191,-87.0
7192,80.0
7193,80.0
7194,80.0
7195,80.0
7196,80.0
7197,80.0
7198,80.0
7199,-59.0
7200,80.0
7201,80.0
7202,80.0
7203,80.0
7204,80.0
7205,80.0
7206,80.0
7207,80.0
7208,80.0
7209,80.0
7210,80.0
7211,80.0
7212,80.0
7213,80.0
7214,80.0
7215,80.0
7216,80.0
7217,80.0
7218,80.0
7219,-58.0
7220,80.0
7221,-71.0
7222,80.0
7223,-99.0
7224,80.0
7225,80.0
7226,80.0
7227,80.0
7228,80.0
7229,80.0
7230,80.0
7231,80.0
7232,80.0
7233,80.0
7234,80.0
7235,80.0
7236,80.0
7237,80.0
7238,-87.0
7239,80.0
7240,-82.0
7241,80.0
7242,80.0
7243,80.0
7244,80.0
7245,80.0
7246,80.0
7247,80.0
7248,80.0
7249,80.0
7250,80.0
7251,80.0
7252,80.0
7253,80.0
7254,80.0
7255,80.0
7256,80.0
7257,80.0
7258,80.0
7259,80.0
7260,80.0
7261,80.0
7262,80.0
7263,80.0
7264,80.0
7265,80.0
7266,80.0
7267,80.0
7268,80.0
7269,80.0
7270,80.0
7271,80.0
7272,80.0
7273,80.0
7274,-88.0
7275,-88.0
7276,80.0
7277,-31.0
7278,80.0
7279,80.0
7280,80.0
7281,80.0
7282,80.0
7283,80.0
7284,80.0
7285,80.0
7286,80.0
7287,80.0
7288,80.0
7289,80.0
7290,80.0
7291,80.0
7292,80.0
7293,80.0
7294,80.0
7295,-98.0
7296,80.0
7297,80.0
7298,80.0
7299,80.0
7300,80.0
7301,80.0
7302,80.0
7303,80.0
7304,80.0
7305,80.0
7306,80.0
7307,80.0
7308,80.0
7309,80.0
7310,80.0
7311,80.0
7312,-84.0
7313,80.0
7314,80.0
7315,-88.0
7316,80.0
7317,80.0
7318,80.0
7319,80.0
7320,80.0
7321,80.0
7322,80.0
7323,80.0
7324,80.0
7325,80.0
7326,80.0
7327,-88.0
7328,80.0
7329,80.0
7330,80.0
7331,80.0
7332,80.0
7333,80.0
7334,80.0
7335,80.0
7336,80.0
7337,80.0
7338,80.0
7339,80.0
7340,80.0
7341,-33.0
7342,80.0
7343,80.0
7344,80.0
7345,80.0
7346,80.0
7347,80.0
7348,80.0
7349,80.0
7350,80.0
7351,80.0
7352,80.0
7353,80.0
7354,80.0
7355,80.0
7356,80.0
7357,80.0
7358,80.0
7359,80.0
7360,80.0
7361,80.0
7362,80.0
7363,80.0
7364,-31.0
7365,-84.0
7366,80.0
7367,80.0
7368,80.0
7369,80.0
7370,80.0
7371,80.0
7372,80.0
7373,80.0
7374,80.0
7375,80.0
7376,80.0
7377,80.0
7378,80.0
7379,-35.0
7380,80.0
7381,80.0
7382,80.0
7383,80.0
7384,80.0
7385,80.0
7386,80.0
7387,80.0
7388,80.0
7389,80.0
7390,80.0
7391,80.0
7392,80.0
7393,80.0
7394,80.0
7395,80.0
7396,80.0
7397,80.0
7398,80.0
7399,80.0
7400,80.0
7401,80.0
7402,80.0
7403,80.0
7404,80.0
7405,80.0
7406,80.0
7407,80.0
7408,80.0
7409,80.0
7410,80.0
7411,80.0
7412,-36.0
7413,80.0
7414,80.0
7415,80.0
7416,80.0
7417,80.0
7418,80.0
7419,80.0
7420,80.0
7421,80.0
7422,80.0
7423,80.0
7424,80.0
7425,80.0
7426,80.0
7427,80.0
7428,80.0
7429,80.0
7430,80.0
7431,80.0
7432,80.0
7433,80.0
7434,80.0
7435,80.0
7436,80.0
7437,80.0
7438,80.0
7439,80.0
7440,80.0
7441,80.0
7442,80.0
7443,80.0
7444,80.0
7445,80.0
7446,80.0
7447,80.0
7448,80.0
7449,-98.0
7450,80.0
7451,80.0
7452,80.0
7453,80.0
7454,80.0
7455,80.0
7456,80.0
7457,80.0
7458,80.0
7459,80.0
7460,80.0
7461,80.0
7462,80.0
7463,80.0
7464,80.0
7465,80.0
7466,80.0
7467,80.0
7468,80.0
7469,80.0
7470,80.0
7471,-57.0
7472,80.0
7473,80.0
7474,80.0
7475,80.0
7476,80.0
7477,80.0
7478,80.0
7479,80.0
7480,80.0
7481,80.0
7482,80.0
7483,80.0
7484,80.0
7485,80.0
7486,80.0
7487,80.0
7488,80.0
7489,80.0
7490,80.0
7491,80.0
7492,80.0
7493,80.0
7494,80.0
7495,80.0
7496,80.0
7497,80.0
7498,80.0
7499,80.0
7500,80.0
7501,80.0
7502,80.0
7503,80.0
7504,80.0
7505,80.0
7506,80.0
7507,80.0
7508,80.0
7509,80.0
7510,80.0
7511,80.0
7512,80.0
7513,80.0
7514,80.0
7515,80.0
7516,80.0
7517,80.0
7518,80.0
7519,80.0
7520,80.0
7521,80.0
7522,80.0
7523,80.0
7524,80.0
7525,80.0
7526,80.0
7527,80.0
7528,80.0
7529,80.0
7530,80.0
7531,80.0
7532,80.0
7533,80.0
7534,80.0
7535,80.0
7536,80.0
7537,80.0
7538,80.0
7539,80.0
7540,80.0
7541,80.0
7542,-83.0
7543,80.0
7544,80.0
7545,80.0
7546,80.0
7547,80.0
7548,80.0
7549,80.0
7550,80.0
7551,80.0
7552,80.0
7553,-98.0
7554,80.0
7555,80.0
7556,80.0
7557,80.0
7558,80.0
7559,80.0
7560,80.0
7561,80.0
7562,80.0
7563,80.0
7564,80.0
7565,80.0
7566,80.0
7567,80.0
7568,80.0
7569,-47.0
7570,80.0
7571,80.0
7572,80.0
7573,80.0
7574,80.0
7575,80.0
7576,80.0
7577,80.0
7578,80.0
7579,80.0
7580,80.0
7581,80.0
7582,80.0
7583,80.0
7584,80.0
7585,80.0
7586,80.0
7587,80.0
7588,80.0
7589,-99.0
7590,80.0
7591,80.0
7592,80.0
7593,80.0
7594,80.0
7595,80.0
7596,80.0
7597,80.0
7598,80.0
7599,80.0
7600,80.0
7601,80.0
7602,80.0
7603,80.0
7604,80.0
7605,80.0
7606,80.0
7607,80.0
7608,80.0
7609,80.0
7610,80.0
7611,80.0
7612,80.0
7613,80.0
7614,80.0
7615,80.0
7616,80.0
7617,80.0
7618,80.0
7619,80.0
7620,80.0
7621,80.0
7622,80.0
7623,80.0
7624,80.0
7625,80.0
7626,80.0
7627,80.0
7628,80.0
7629,80.0
7630,80.0
7631,80.0
7632,80.0
7633,80.0
7634,80.0
7635,80.0
7636,80.0
7637,80.0
7638,80.0
7639,80.0
7640,80.0
7641,80.0
7642,80.0
7643,80.0
7644,80.0
7645,80.0
7646,80.0
7647,80.0
7648,80.0
7649,80.0
7650,80.0
7651,80.0
7652,80.0
7653,80.0
7654,80.0
7655,80.0
7656,80.0
7657,80.0
7658,80.0
7659,80.0
7660,80.0
7661,80.0
7662,80.0
7663,80.0
7664,80.0
7665,80.0
7666,80.0
7667,80.0
7668,80.0
7669,80.0
7670,80.0
7671,80.0
7672,80.0
7673,80.0
7674,80.0
7675,80.0
7676,80.0
7677,80.0
7678,80.0
7679,80.0
7680,80.0
7681,80.0
7682,80.0
7683,80.0
7684,80.0
7685,80.0
7686,80.0
7687,80.0
7688,80.0
7689,80.0
7690,80.0
7691,80.0
7692,80.0
7693,80.0
7694,80.0
7695,80.0
7696,80.0
7697,80.0
7698,80.0
7699,80.0
7700,80.0
7701,80.0
7702,80.0
7703,80.0
7704,-58.0
7705,80.0
7706,-99.0
7707,80.0
7708,80.0
7709,80.0
7710,80.0
7711,80.0
7712,80.0
7713,80.0
7714,80.0
7715,80.0
7716,80.0
7717,80.0
7718,80.0
7719,80.0
7720,80.0
7721,80.0
7722,80.0
7723,80.0
7724,80.0
7725,80.0
7726,80.0
7727,80.0
7728,80.0
7729,80.0
7730,80.0
7731,80.0
7732,80.0
7733,80.0
7734,80.0
7735,80.0
7736,80.0
7737,80.0
7738,80.0
7739,80.0
7740,80.0
7741,80.0
7742,80.0
7743,80.0
7744,80.0
7745,80.0
7746,80.0
7747,80.0
7748,80.0
7749,80.0
7750,80.0
7751,80.0
7752,-56.0
7753,80.0
7754,80.0
7755,80.0
7756,80.0
7757,80.0
7758,80.0
7759,80.0
7760,-81.0
7761,80.0
7762,80.0
7763,80.0
7764,80.0
7765,80.0
7766,80.0
7767,80.0
7768,80.0
7769,80.0
7770,80.0
7771,80.0
7772,80.0
7773,80.0
7774,80.0
7775,80.0
7776,80.0
7777,80.0
7778,80.0
7779,80.0
7780,80.0
7781,80.0
7782,80.0
7783,80.0
7784,80.0
7785,-35.0
7786,80.0
7787,80.0
7788,80.0
7789,80.0
7790,-35.0
7791,80.0
7792,80.0
7793,80.0
7794,80.0
7795,-98.0
7796,80.0
7797,80.0
7798,80.0
7799,80.0
7800,80.0
7801,80.0
7802,80.0
7803,80.0
7804,80.0
7805,80.0
7806,80.0
7807,80.0
7808,80.0
7809,80.0
7810,80.0
7811,80.0
7812,80.0
7813,80.0
7814,80.0
7815,80.0
7816,80.0
7817,80.0
7818,80.0
7819,80.0
7820,80.0
7821,80.0
7822,80.0
7823,80.0
7824,80.0
7825,80.0
7826,80.0
7827,80.0
7828,80.0
7829,80.0
7830,80.0
7831,80.0
7832,80.0
7833,80.0
7834,80.0
7835,80.0
7836,80.0
7837,80.0
7838,80.0
7839,80.0
7840,80.0
7841,80.0
7842,80.0
7843,80.0
7844,80.0
7845,80.0
7846,80.0
7847,80.0
7848,80.0
7849,80.0
7850,80.0
7851,80.0
7852,80.0
7853,80.0
7854,80.0
7855,80.0
7856,80.0
7857,80.0
7858,80.0
7859,80.0
7860,80.0
7861,80.0
7862,80.0
7863,80.0
7864,80.0
7865,80.0
7866,80.0
7867,80.0
7868,80.0
7869,80.0
7870,80.0
7871,80.0
7872,80.0
7873,80.0
7874,80.0
7875,-85.0
7876,80.0
7877,80.0
7878,80.0
7879,80.0
7880,80.0
7881,80.0
7882,80.0
7883,80.0
7884,80.0
7885,80.0
7886,80.0
7887,80.0
7888,80.0
7889,80.0
7890,-69.0
7891,80.0
7892,80.0
7893,80.0
7894,80.0
7895,80.0
7896,80.0
7897,80.0
7898,80.0
7899,80.0
7900,80.0
7901,80.0
7902,80.0
7903,80.0
7904,80.0
7905,80.0
7906,80.0
7907,80.0
7908,80.0
7909,-31.0
7910,80.0
7911,80.0
7912,80.0
7913,80.0
7914,80.0
7915,-84.0
7916,80.0
7917,80.0
7918,80.0
7919,80.0
7920,80.0
7921,80.0
7922,80.0
7923,80.0
7924,80.0
7925,80.0
7926,80.0
7927,80.0
7928,80.0
7929,-85.0
7930,80.0
7931,80.0
7932,80.0
7933,80.0
7934,80.0
7935,80.0
7936,80.0
7937,80.0
7938,80.0
7939,80.0
7940,80.0
7941,80.0
7942,80.0
7943,80.0
7944,80.0
7945,80.0
7946,80.0
7947,80.0
7948,80.0
7949,80.0
7950,80.0
7951,80.0
7952,80.0
7953,80.0
7954,80.0
7955,80.0
7956,80.0
7957,80.0
7958,80.0
7959,80.0
7960,80.0
7961,80.0
7962,80.0
7963,80.0
7964,80.0
7965,80.0
7966,-88.0
7967,80.0
7968,80.0
7969,80.0
7970,80.0
7971,80.0
7972,80.0
7973,80.0
7974,80.0
7975,80.0
7976,80.0
7977,80.0
7978,80.0
7979,80.0
7980,80.0
7981,80.0
7982,80.0
7983,80.0
7984,80.0
7985,80.0
7986,80.0
7987,80.0
7988,80.0
7989,80.0
7990,80.0
7991,80.0
7992,80.0
7993,80.0
7994,80.0
7995,80.0
7996,80.0
7997,80.0
7998,80.0
7999,80.0
8000,80.0
8001,80.0
8002,80.0
8003,80.0
8004,80.0
8005,80.0
8006,80.0
8007,80.0
8008,80.0
8009,80.0
8010,80.0
8011,80.0
8012,80.0
8013,80.0
8014,80.0
8015,80.0
8016,80.0
8017,80.0
8018,80.0
8019,80.0
8020,80.0
8021,80.0
8022,80.0
8023,80.0
8024,80.0
8025,80.0
8026,80.0
8027,80.0
8028,80.0
8029,80.0
8030,80.0
8031,80.0
8032,80.0
8033,80.0
8034,-34.0
8035,80.0
8036,80.0
8037,80.0
8038,-84.0
8039,80.0
8040,80.0
8041,80.0
8042,80.0
8043,-57.0
8044,80.0
8045,80.0
8046,80.0
8047,80.0
8048,80.0
8049,80.0
8050,80.0
8051,80.0
8052,80.0
8053,80.0
8054,80.0
8055,80.0
8056,80.0
8057,80.0
8058,80.0
8059,80.0
8060,80.0
8061,80.0
8062,80.0
8063,80.0
8064,80.0
8065,80.0
8066,80.0
8067,80.0
8068,80.0
8069,80.0
8070,80.0
8071,80.0
8072,80.0
8073,80.0
8074,80.0
8075,80.0
8076,80.0
8077,80.0
8078,80.0
8079,80.0
8080,80.0
8081,80.0
8082,80.0
8083,80.0
8084,80.0
8085,80.0
8086,80.0
8087,80.0
8088,80.0
8089,80.0
8090,80.0
8091,80.0
8092,80.0
8093,80.0
8094,80.0
8095,80.0
8096,80.0
8097,80.0
8098,80.0
8099,80.0
8100,80.0
8101,80.0
8102,80.0
8103,80.0
8104,80.0
8105,80.0
8106,80.0
8107,80.0
8108,80.0
8109,80.0
8110,80.0
8111,80.0
8112,80.0
8113,80.0
8114,80.0
8115,80.0
8116,80.0
8117,80.0
8118,80.0
8119,80.0
8120,80.0
8121,80.0
8122,80.0
8123,80.0
8124,80.0
8125,80.0
8126,80.0
8127,80.0
8128,80.0
8129,80.0
8130,80.0
8131,80.0
8132,80.0
8133,80.0
8134,80.0
8135,80.0
8136,80.0
8137,80.0
8138,80.0
8139,80.0
8140,80.0
8141,80.0
8142,80.0
8143,80.0
8144,80.0
8145,80.0
8146,80.0
8147,80.0
8148,80.0
8149,80.0
8150,80.0
8151,80.0
8152,80.0
8153,80.0
8154,80.0
8155,80.0
8156,80.0
8157,80.0
8158,80.0
8159,80.0
8160,80.0
8161,80.0
8162,80.0
8163,80.0
8164,80.0
8165,80.0
8166,80.0
8167,80.0
8168,80.0
8169,80.0
8170,80.0
8171,80.0
8172,80.0
8173,80.0
8174,80.0
8175,80.0
8176,80.0
8177,80.0
8178,80.0
8179,80.0
8180,80.0
8181,80.0
8182,80.0
8183,80.0
8184,80.0
8185,80.0
8186,80.0
8187,-54.0
8188,80.0
8189,-47.0
8190,80.0
8191,80.0
8192,80.0
8193,80.0
8194,80.0
8195,80.0
8196,80.0
8197,80.0
8198,80.0
8199,80.0
8200,80.0
8201,80.0
8202,80.0
8203,80.0
8204,80.0
8205,80.0
8206,80.0
8207,80.0
8208,80.0
8209,80.0
8210,80.0
8211,80.0
8212,80.0
8213,80.0
8214,80.0
8215,80.0
8216,80.0
8217,80.0
8218,80.0
8219,80.0
8220,80.0
8221,80.0
8222,80.0
8223,80.0
8224,80.0
8225,80.0
8226,80.0
8227,80.0
8228,80.0
8229,80.0
8230,80.0
8231,80.0
8232,80.0
8233,80.0
8234,80.0
8235,80.0
8236,80.0
8237,80.0
8238,-82.0
8239,-69.0
8240,80.0
8241,80.0
8242,80.0
8243,80.0
8244,80.0
8245,80.0
8246,80.0
8247,-87.0
8248,80.0
8249,80.0
8250,80.0
8251,80.0
8252,80.0
8253,80.0
8254,79.0
8255,80.0
8256,80.0
8257,80.0
8258,80.0
8259,80.0
8260,80.0
8261,-85.0
8262,80.0
8263,80.0
8264,80.0
8265,80.0
8266,-83.0
8267,80.0
8268,80.0
8269,80.0
8270,80.0
8271,80.0
8272,80.0
8273,80.0
8274,80.0
8275,80.0
8276,80.0
8277,80.0
8278,80.0
8279,80.0
8280,80.0
8281,80.0
8282,80.0
8283,80.0
8284,80.0
8285,80.0
8286,80.0
8287,80.0
8288,80.0
8289,80.0
8290,80.0
8291,80.0
8292,80.0
8293,80.0
8294,80.0
8295,80.0
8296,80.0
8297,80.0
8298,80.0
8299,80.0
8300,80.0
8301,80.0
8302,80.0
8303,80.0
8304,80.0
8305,80.0
8306,-88.0
8307,80.0
8308,80.0
8309,80.0
8310,80.0
8311,80.0
8312,-85.0
8313,80.0
8314,80.0
8315,80.0
8316,80.0
8317,80.0
8318,80.0
8319,80.0
8320,80.0
8321,80.0
8322,80.0
8323,80.0
8324,80.0
8325,80.0
8326,80.0
8327,80.0
8328,80.0
8329,80.0
8330,80.0
8331,80.0
8332,80.0
8333,80.0
8334,80.0
8335,80.0
8336,80.0
8337,80.0
8338,80.0
8339,80.0
8340,80.0
8341,80.0
8342,80.0
8343,80.0
8344,80.0
8345,-85.0
8346,80.0
8347,80.0
8348,80.0
8349,80.0
8350,80.0
8351,80.0
8352,80.0
8353,80.0
8354,80.0
8355,80.0
8356,80.0
8357,80.0
8358,80.0
8359,-57.0
8360,80.0
8361,80.0
8362,80.0
8363,80.0
8364,80.0
8365,80.0
8366,80.0
8367,80.0
8368,80.0
8369,80.0
8370,80.0
8371,80.0
8372,80.0
8373,80.0
8374,80.0
8375,80.0
8376,80.0
8377,80.0
8378,80.0
8379,80.0
8380,80.0
8381,80.0
8382,80.0
8383,80.0
8384,80.0
8385,80.0
8386,80.0
8387,80.0
8388,80.0
8389,80.0
8390,80.0
8391,80.0
8392,80.0
8393,80.0
8394,80.0
8395,80.0
8396,80.0
8397,80.0
8398,80.0
8399,80.0
8400,80.0
8401,80.0
8402,80.0
8403,80.0
8404,80.0
8405,80.0
8406,80.0
8407,80.0
8408,80.0
8409,80.0
8410,80.0
8411,80.0
8412,80.0
8413,80.0
8414,80.0
8415,80.0
8416,80.0
8417,80.0
8418,80.0
8419,80.0
8420,80.0
8421,80.0
8422,80.0
8423,-88.0
8424,80.0
8425,80.0
8426,80.0
8427,80.0
8428,80.0
8429,80.0
8430,80.0
8431,80.0
8432,80.0
8433,-71.0
8434,80.0
8435,80.0
8436,80.0
8437,80.0
8438,80.0
8439,80.0
8440,80.0
8441,80.0
8442,80.0
8443,80.0
8444,80.0
8445,80.0
8446,80.0
8447,80.0
8448,80.0
8449,80.0
8450,80.0
8451,80.0
8452,80.0
8453,-58.0
8454,79.0
8455,80.0
8456,80.0
8457,80.0
8458,80.0
8459,80.0
8460,80.0
8461,80.0
8462,80.0
8463,80.0
8464,80.0
8465,80.0
8466,80.0
8467,80.0
8468,80.0
8469,80.0
8470,80.0
8471,80.0
8472,80.0
8473,80.0
8474,80.0
8475,80.0
8476,80.0
8477,80.0
8478,80.0
8479,80.0
8480,80.0
8481,80.0
8482,80.0
8483,80.0
8484,80.0
8485,80.0
8486,80.0
8487,80.0
8488,80.0
8489,80.0
8490,80.0
8491,80.0
8492,80.0
8493,80.0
8494,-98.0
8495,80.0
8496,80.0
8497,80.0
8498,80.0
8499,80.0
8500,80.0
8501,80.0
8502,80.0
8503,80.0
8504,80.0
8505,80.0
8506,80.0
8507,80.0
8508,80.0
8509,80.0
8510,80.0
8511,80.0
8512,80.0
8513,80.0
8514,80.0
8515,80.0
8516,80.0
8517,80.0
8518,80.0
8519,80.0
8520,80.0
8521,80.0
8522,80.0
8523,80.0
8524,80.0
8525,80.0
8526,80.0
8527,80.0
8528,80.0
8529,80.0
8530,80.0
8531,80.0
8532,80.0
8533,80.0
8534,-84.0
8535,80.0
8536,80.0
8537,80.0
8538,80.0
8539,80.0
8540,80.0
8541,80.0
8542,80.0
8543,80.0
8544,80.0
8545,80.0
8546,80.0
8547,80.0
8548,80.0
8549,80.0
8550,80.0
8551,-70.0
8552,80.0
8553,80.0
8554,80.0
8555,80.0
8556,80.0
8557,80.0
8558,80.0
8559,80.0
8560,80.0
8561,80.0
8562,80.0
8563,80.0
8564,-37.0
8565,80.0
8566,80.0
8567,80.0
8568,80.0
8569,80.0
8570,80.0
8571,80.0
8572,80.0
8573,80.0
8574,80.0
8575,80.0
8576,80.0
8577,80.0
8578,80.0
8579,80.0
8580,80.0
8581,80.0
8582,80.0
8583,80.0
8584,80.0
8585,80.0
8586,80.0
8587,80.0
8588,80.0
8589,80.0
8590,80.0
8591,80.0
8592,80.0
8593,80.0
8594,80.0
8595,80.0
8596,80.0
8597,80.0
8598,80.0
8599,80.0
8600,80.0
8601,80.0
8602,80.0
8603,80.0
8604,80.0
8605,80.0
8606,80.0
8607,80.0
8608,80.0
8609,80.0
8610,80.0
8611,80.0
8612,80.0
8613,80.0
8614,80.0
8615,80.0
8616,80.0
8617,80.0
8618,-36.0
8619,80.0
8620,80.0
8621,80.0
8622,80.0
8623,80.0
8624,80.0
8625,80.0
8626,80.0
8627,80.0
8628,80.0
8629,80.0
8630,80.0
8631,80.0
8632,80.0
8633,80.0
8634,80.0
8635,80.0
8636,80.0
8637,80.0
8638,80.0
8639,80.0
8640,80.0
8641,80.0
8642,80.0
8643,80.0
8644,80.0
8645,80.0
8646,80.0
8647,80.0
8648,80.0
8649,80.0
8650,-81.0
8651,80.0
8652,80.0
8653,80.0
8654,80.0
8655,80.0
8656,80.0
8657,80.0
8658,80.0
8659,80.0
8660,80.0
8661,80.0
8662,80.0
8663,80.0
8664,80.0
8665,80.0
8666,80.0
8667,80.0
8668,80.0
8669,80.0
8670,80.0
8671,80.0
8672,80.0
8673,80.0
8674,80.0
8675,80.0
8676,80.0
8677,80.0
8678,80.0
8679,80.0
8680,80.0
8681,80.0
8682,80.0
8683,80.0
8684,80.0
8685,80.0
8686,80.0
8687,80.0
8688,80.0
8689,80.0
8690,80.0
8691,80.0
8692,80.0
8693,80.0
8694,80.0
8695,80.0
8696,80.0
8697,80.0
8698,80.0
8699,80.0
8700,80.0
8701,80.0
8702,80.0
8703,80.0
8704,80.0
8705,80.0
8706,80.0
8707,80.0
8708,80.0
8709,80.0
8710,80.0
8711,80.0
8712,80.0
8713,80.0
8714,80.0
8715,80.0
8716,80.0
8717,80.0
8718,80.0
8719,80.0
8720,80.0
8721,-84.0
8722,80.0
8723,80.0
8724,80.0
8725,80.0
8726,80.0
8727,80.0
8728,80.0
8729,80.0
8730,80.0
8731,80.0
8732,80.0
8733,80.0
8734,80.0
8735,80.0
8736,80.0
8737,80.0
8738,80.0
8739,80.0
8740,80.0
8741,80.0
8742,80.0
8743,80.0
8744,80.0
8745,80.0
8746,80.0
8747,80.0
8748,80.0
8749,80.0
8750,80.0
8751,80.0
8752,80.0
8753,80.0
8754,80.0
8755,80.0
8756,80.0
8757,80.0
8758,80.0
8759,80.0
8760,80.0
8761,80.0
8762,80.0
8763,80.0
8764,80.0
8765,80.0
8766,80.0
8767,80.0
8768,-69.0
8769,80.0
8770,80.0
8771,80.0
8772,-99.0
8773,80.0
8774,80.0
8775,80.0
8776,80.0
8777,80.0
8778,80.0
8779,80.0
8780,80.0
8781,80.0
8782,80.0
8783,80.0
8784,80.0
8785,80.0
8786,80.0
8787,80.0
8788,80.0
8789,80.0
8790,80.0
8791,80.0
8792,80.0
8793,80.0
8794,80.0
8795,80.0
8796,80.0
8797,80.0
8798,80.0
8799,80.0
8800,80.0
8801,80.0
8802,80.0
8803,80.0
8804,80.0
8805,80.0
8806,80.0
8807,80.0
8808,80.0
8809,80.0
8810,80.0
8811,80.0
8812,80.0
8813,80.0
8814,80.0
8815,80.0
8816,80.0
8817,-69.0
8818,80.0
8819,80.0
8820,80.0
8821,80.0
8822,80.0
8823,80.0
8824,80.0
8825,80.0
8826,80.0
8827,80.0
8828,80.0
8829,-88.0
8830,80.0
8831,80.0
8832,80.0
8833,80.0
8834,80.0
8835,80.0
8836,80.0
8837,80.0
8838,80.0
8839,80.0
8840,80.0
8841,80.0
8842,80.0
8843,80.0
8844,80.0
8845,80.0
8846,80.0
8847,80.0
8848,80.0
8849,80.0
8850,80.0
8851,80.0
8852,80.0
8853,80.0
8854,80.0
8855,80.0
8856,-81.0
8857,80.0
8858,80.0
8859,80.0
8860,80.0
8861,80.0
8862,80.0
8863,80.0
8864,80.0
8865,80.0
8866,80.0
8867,80.0
8868,80.0
8869,80.0
8870,80.0
8871,80.0
8872,80.0
8873,80.0
8874,80.0
8875,80.0
8876,80.0
8877,79.0
8878,80.0
8879,80.0
8880,80.0
8881,80.0
8882,80.0
8883,80.0
8884,80.0
8885,80.0
8886,80.0
8887,80.0
8888,80.0
8889,80.0
8890,80.0
8891,80.0
8892,80.0
8893,80.0
8894,80.0
8895,80.0
8896,80.0
8897,80.0
8898,80.0
8899,80.0
8900,80.0
8901,80.0
8902,80.0
8903,80.0
8904,80.0
8905,80.0
8906,80.0
8907,80.0
8908,80.0
8909,80.0
8910,80.0
8911,80.0
8912,80.0
8913,80.0
8914,80.0
8915,80.0
8916,80.0
8917,80.0
8918,80.0
8919,80.0
8920,80.0
8921,80.0
8922,80.0
8923,80.0
8924,80.0
8925,80.0
8926,80.0
8927,80.0
8928,80.0
8929,80.0
8930,80.0
8931,80.0
8932,80.0
8933,80.0
8934,80.0
8935,80.0
8936,80.0
8937,80.0
8938,80.0
8939,80.0
8940,80.0
8941,80.0
8942,80.0
8943,80.0
8944,80.0
8945,80.0
8946,80.0
8947,80.0
8948,80.0
8949,80.0
8950,80.0
8951,-100.0
8952,80.0
8953,80.0
8954,-31.0
8955,80.0
8956,80.0
8957,80.0
8958,80.0
8959,80.0
8960,80.0
8961,80.0
8962,80.0
8963,80.0
8964,80.0
8965,80.0
8966,80.0
8967,-57.0
8968,80.0
8969,80.0
8970,80.0
8971,80.0
8972,80.0
8973,80.0
8974,80.0
8975,80.0
8976,80.0
8977,80.0
8978,80.0
8979,80.0
8980,80.0
8981,80.0
8982,80.0
8983,80.0
8984,80.0
8985,80.0
8986,80.0
8987,80.0
8988,80.0
8989,80.0
8990,80.0
8991,80.0
8992,80.0
8993,80.0
8994,80.0
8995,80.0
8996,80.0
8997,80.0
8998,80.0
8999,80.0
9000,80.0
9001,80.0
9002,80.0
9003,80.0
9004,80.0
9005,80.0
9006,80.0
9007,80.0
9008,80.0
9009,80.0
9010,80.0
9011,80.0
9012,80.0
9013,80.0
9014,80.0
9015,80.0
9016,-47.0
9017,80.0
9018,80.0
9019,80.0
9020,80.0
9021,80.0
9022,80.0
9023,80.0
9024,80.0
9025,80.0
9026,80.0
9027,80.0
9028,80.0
9029,80.0
9030,80.0
9031,80.0
9032,80.0
9033,80.0
9034,80.0
9035,80.0
9036,80.0
9037,80.0
9038,80.0
9039,80.0
9040,80.0
9041,80.0
9042,80.0
9043,80.0
9044,80.0
9045,80.0
9046,80.0
9047,80.0
9048,80.0
9049,80.0
9050,80.0
9051,80.0
9052,80.0
9053,80.0
9054,80.0
9055,80.0
9056,80.0
9057,-36.0
9058,80.0
9059,80.0
9060,80.0
9061,80.0
9062,80.0
9063,80.0
9064,80.0
9065,80.0
9066,80.0
9067,80.0
9068,80.0
9069,80.0
9070,80.0
9071,80.0
9072,80.0
9073,-81.0
9074,80.0
9075,80.0
9076,80.0
9077,-57.0
9078,80.0
9079,80.0
9080,80.0
9081,80.0
9082,80.0
9083,80.0
9084,80.0
9085,80.0
9086,80.0
9087,80.0
9088,80.0
9089,80.0
9090,80.0
9091,80.0
9092,80.0
9093,80.0
9094,80.0
9095,80.0
9096,80.0
9097,80.0
9098,80.0
9099,80.0
9100,80.0
9101,80.0
9102,80.0
9103,80.0
9104,80.0
9105,80.0
9106,80.0
9107,80.0
9108,80.0
9109,80.0
9110,80.0
9111,80.0
9112,80.0
9113,80.0
9114,80.0
9115,80.0
9116,80.0
9117,80.0
9118,80.0
9119,80.0
9120,80.0
9121,80.0
9122,80.0
9123,80.0
9124,80.0
9125,80.0
9126,80.0
9127,80.0
9128,80.0
9129,80.0
9130,80.0
9131,80.0
9132,80.0
9133,80.0
9134,80.0
9135,80.0
9136,80.0
9137,80.0
9138,80.0
9139,80.0
9140,80.0
9141,80.0
9142,80.0
9143,80.0
9144,80.0
9145,80.0
9146,80.0
9147,80.0
9148,80.0
9149,80.0
9150,80.0
9151,80.0
9152,80.0
9153,80.0
9154,80.0
9155,80.0
9156,80.0
9157,80.0
9158,80.0
9159,80.0
9160,80.0
9161,80.0
9162,80.0
9163,80.0
9164,80.0
9165,80.0
9166,80.0
9167,80.0
9168,80.0
9169,80.0
9170,80.0
9171,80.0
9172,80.0
9173,80.0
9174,80.0
9175,80.0
9176,-24.0
9177,80.0
9178,80.0
9179,80.0
9180,80.0
9181,80.0
9182,80.0
9183,80.0
9184,80.0
9185,80.0
9186,80.0
9187,80.0
9188,80.0
9189,80.0
9190,80.0
9191,80.0
9192,80.0
9193,80.0
9194,80.0
9195,80.0
9196,80.0
9197,80.0
9198,80.0
9199,80.0
9200,80.0
9201,80.0
9202,80.0
9203,80.0
9204,80.0
9205,80.0
9206,80.0
9207,80.0
9208,80.0
9209,80.0
9210,80.0
9211,-88.0
9212,80.0
9213,80.0
9214,80.0
9215,80.0
9216,80.0
9217,80.0
9218,80.0
9219,80.0
9220,80.0
9221,80.0
9222,80.0
9223,80.0
9224,80.0
9225,80.0
9226,80.0
9227,80.0
9228,80.0
9229,80.0
9230,80.0
9231,80.0
9232,80.0
9233,80.0
9234,80.0
9235,80.0
9236,80.0
9237,80.0
9238,80.0
9239,80.0
9240,80.0
9241,80.0
9242,80.0
9243,80.0
9244,80.0
9245,80.0
9246,80.0
9247,80.0
9248,80.0
9249,80.0
9250,80.0
9251,80.0
9252,80.0
9253,80.0
9254,80.0
9255,80.0
9256,80.0
9257,80.0
9258,80.0
9259,80.0
9260,80.0
9261,80.0
9262,80.0
9263,80.0
9264,80.0
9265,80.0
9266,80.0
9267,80.0
9268,80.0
9269,80.0
9270,80.0
9271,80.0
9272,80.0
9273,80.0
9274,-33.0
9275,80.0
9276,-36.0
9277,80.0
9278,-36.0
9279,80.0
9280,80.0
9281,80.0
9282,80.0
9283,80.0
9284,80.0
9285,80.0
9286,80.0
9287,80.0
9288,80.0
9289,80.0
9290,80.0
9291,80.0
9292,80.0
9293,80.0
9294,80.0
9295,80.0
9296,80.0
9297,80.0
9298,80.0
9299,80.0
9300,80.0
9301,80.0
9302,80.0
9303,80.0
9304,80.0
9305,80.0
9306,80.0
9307,80.0
9308,-34.0
9309,80.0
9310,80.0
9311,80.0
9312,80.0
9313,80.0
9314,80.0
9315,80.0
9316,80.0
9317,80.0
9318,80.0
9319,80.0
9320,80.0
9321,80.0
9322,80.0
9323,80.0
9324,80.0
9325,-69.0
9326,80.0
9327,80.0
9328,80.0
9329,80.0
9330,80.0
9331,80.0
9332,80.0
9333,80.0
9334,80.0
9335,80.0
9336,80.0
9337,80.0
9338,80.0
9339,80.0
9340,80.0
9341,-35.0
9342,80.0
9343,80.0
9344,80.0
9345,-71.0
9346,80.0
9347,80.0
9348,80.0
9349,80.0
9350,80.0
9351,80.0
9352,80.0
9353,80.0
9354,80.0
9355,80.0
9356,80.0
9357,80.0
9358,80.0
9359,80.0
9360,-35.0
9361,80.0
9362,80.0
9363,80.0
9364,80.0
9365,80.0
9366,80.0
9367,80.0
9368,80.0
9369,80.0
9370,80.0
9371,80.0
9372,80.0
9373,80.0
9374,80.0
9375,80.0
9376,80.0
9377,80.0
9378,80.0
9379,80.0
9380,80.0
9381,80.0
9382,80.0
9383,80.0
9384,80.0
9385,80.0
9386,80.0
9387,80.0
9388,80.0
9389,80.0
9390,80.0
9391,80.0
9392,80.0
9393,80.0
9394,80.0
9395,80.0
9396,80.0
9397,80.0
9398,80.0
9399,80.0
9400,-82.0
9401,80.0
9402,80.0
9403,-34.0
9404,80.0
9405,80.0
9406,80.0
9407,80.0
9408,80.0
9409,80.0
9410,80.0
9411,80.0
9412,80.0
9413,80.0
9414,80.0
9415,80.0
9416,80.0
9417,80.0
9418,80.0
9419,80.0
9420,80.0
9421,80.0
9422,80.0
9423,80.0
9424,80.0
9425,80.0
9426,80.0
9427,80.0
9428,80.0
9429,80.0
9430,80.0
9431,80.0
9432,80.0
9433,-35.0
9434,-59.0
9435,80.0
9436,80.0
9437,80.0
9438,80.0
9439,80.0
9440,80.0
9441,80.0
9442,80.0
9443,80.0
9444,80.0
9445,80.0
9446,80.0
9447,80.0
9448,80.0
9449,80.0
9450,80.0
9451,80.0
9452,80.0
9453,80.0
9454,80.0
9455,80.0
9456,80.0
9457,80.0
9458,80.0
9459,80.0
9460,80.0
9461,80.0
9462,80.0
9463,80.0
9464,80.0
9465,80.0
9466,80.0
9467,80.0
9468,80.0
9469,80.0
9470,80.0
9471,80.0
9472,80.0
9473,80.0
9474,80.0
9475,80.0
9476,80.0
9477,80.0
9478,80.0
9479,80.0
9480,80.0
9481,80.0
9482,80.0
9483,80.0
9484,80.0
9485,80.0
9486,80.0
9487,80.0
9488,80.0
9489,80.0
9490,80.0
9491,80.0
9492,80.0
9493,80.0
9494,80.0
9495,80.0
9496,80.0
9497,80.0
9498,80.0
9499,80.0
9500,-99.0
9501,80.0
9502,80.0
9503,80.0
9504,80.0
9505,80.0
9506,80.0
9507,80.0
9508,80.0
9509,80.0
9510,80.0
9511,80.0
9512,80.0
9513,80.0
9514,80.0
9515,80.0
9516,80.0
9517,80.0
9518,80.0
9519,80.0
9520,80.0
9521,80.0
9522,80.0
9523,80.0
9524,80.0
9525,80.0
9526,80.0
9527,80.0
9528,80.0
9529,80.0
9530,80.0
9531,80.0
9532,80.0
9533,80.0
9534,80.0
9535,80.0
9536,80.0
9537,80.0
9538,80.0
9539,80.0
9540,80.0
9541,80.0
9542,80.0
9543,80.0
9544,80.0
9545,80.0
9546,80.0
9547,80.0
9548,80.0
9549,80.0
9550,80.0
9551,-69.0
9552,80.0
9553,80.0
9554,80.0
9555,80.0
9556,80.0
9557,-57.0
9558,80.0
9559,80.0
9560,80.0
9561,-31.0
9562,80.0
9563,80.0
9564,80.0
9565,80.0
9566,80.0
9567,80.0
9568,80.0
9569,80.0
9570,80.0
9571,80.0
9572,80.0
9573,80.0
9574,80.0
9575,80.0
9576,80.0
9577,80.0
9578,80.0
9579,80.0
9580,80.0
9581,80.0
9582,80.0
9583,80.0
9584,80.0
9585,80.0
9586,80.0
9587,80.0
9588,80.0
9589,-100.0
9590,80.0
9591,80.0
9592,80.0
9593,80.0
9594,80.0
9595,80.0
9596,80.0
9597,80.0
9598,80.0
9599,80.0
9600,80.0
9601,80.0
9602,80.0
9603,80.0
9604,80.0
9605,80.0
9606,80.0
9607,80.0
9608,80.0
9609,80.0
9610,80.0
9611,80.0
9612,80.0
9613,80.0
9614,80.0
9615,80.0
9616,80.0
9617,80.0
9618,-36.0
9619,80.0
9620,80.0
9621,80.0
9622,80.0
9623,80.0
9624,80.0
9625,80.0
9626,80.0
9627,80.0
9628,80.0
9629,80.0
9630,80.0
9631,80.0
9632,80.0
9633,80.0
9634,80.0
9635,80.0
9636,80.0
9637,80.0
9638,80.0
9639,80.0
9640,80.0
9641,80.0
9642,80.0
9643,80.0
9644,80.0
9645,80.0
9646,80.0
9647,80.0
9648,80.0
9649,80.0
9650,80.0
9651,-84.0
9652,80.0
9653,80.0
9654,80.0
9655,80.0
9656,80.0
9657,80.0
9658,80.0
9659,80.0
9660,80.0
9661,80.0
9662,80.0
9663,80.0
9664,80.0
9665,80.0
9666,80.0
9667,80.0
9668,80.0
9669,80.0
9670,80.0
9671,80.0
9672,80.0
9673,80.0
9674,80.0
9675,80.0
9676,80.0
9677,80.0
9678,80.0
9679,-78.0
9680,80.0
9681,80.0
9682,80.0
9683,80.0
9684,80.0
9685,80.0
9686,80.0
9687,80.0
9688,80.0
9689,80.0
9690,80.0
9691,80.0
9692,80.0
9693,80.0
9694,80.0
9695,80.0
9696,80.0
9697,80.0
9698,80.0
9699,80.0
9700,80.0
9701,80.0
9702,80.0
9703,80.0
9704,80.0
9705,80.0
9706,80.0
9707,80.0
9708,80.0
9709,80.0
9710,80.0
9711,80.0
9712,80.0
9713,80.0
9714,80.0
9715,80.0
9716,80.0
9717,80.0
9718,80.0
9719,80.0
9720,80.0
9721,80.0
9722,80.0
9723,80.0
9724,80.0
9725,80.0
9726,80.0
9727,80.0
9728,80.0
9729,-85.0
9730,80.0
9731,80.0
9732,80.0
9733,80.0
9734,80.0
9735,80.0
9736,80.0
9737,80.0
9738,80.0
9739,80.0
9740,80.0
9741,80.0
9742,80.0
9743,80.0
9744,80.0
9745,80.0
9746,80.0
9747,80.0
9748,80.0
9749,80.0
9750,80.0
9751,80.0
9752,80.0
9753,80.0
9754,80.0
9755,80.0
9756,-33.0
9757,80.0
9758,80.0
9759,80.0
9760,80.0
9761,80.0
9762,80.0
9763,80.0
9764,80.0
9765,80.0
9766,80.0
9767,80.0
9768,80.0
9769,80.0
9770,80.0
9771,80.0
9772,80.0
9773,80.0
9774,80.0
9775,80.0
9776,80.0
9777,80.0
9778,80.0
9779,80.0
9780,80.0
9781,80.0
9782,80.0
9783,80.0
9784,80.0
9785,80.0
9786,80.0
9787,80.0
9788,80.0
9789,80.0
9790,80.0
9791,80.0
9792,80.0
9793,80.0
9794,80.0
9795,80.0
9796,80.0
9797,80.0
9798,80.0
9799,80.0
9800,80.0
9801,80.0
9802,80.0
9803,80.0
9804,80.0
9805,80.0
9806,80.0
9807,80.0
9808,80.0
9809,80.0
9810,80.0
9811,80.0
9812,80.0
9813,80.0
9814,80.0
9815,80.0
9816,80.0
9817,80.0
9818,80.0
9819,80.0
9820,80.0
9821,80.0
9822,80.0
9823,80.0
9824,80.0
9825,80.0
9826,-59.0
9827,80.0
9828,80.0
9829,80.0
9830,80.0
9831,80.0
9832,80.0
9833,80.0
9834,80.0
9835,80.0
9836,80.0
9837,80.0
9838,80.0
9839,80.0
9840,80.0
9841,80.0
9842,80.0
9843,80.0
9844,80.0
9845,80.0
9846,80.0
9847,80.0
9848,80.0
9849,80.0
9850,80.0
9851,80.0
9852,80.0
9853,80.0
9854,80.0
9855,80.0
9856,80.0
9857,80.0
9858,80.0
9859,80.0
9860,80.0
9861,80.0
9862,80.0
9863,80.0
9864,80.0
9865,80.0
9866,80.0
9867,80.0
9868,80.0
9869,80.0
9870,80.0
9871,80.0
9872,80.0
9873,80.0
9874,80.0
9875,80.0
9876,80.0
9877,80.0
9878,80.0
9879,80.0
9880,80.0
9881,80.0
9882,80.0
9883,80.0
9884,80.0
9885,80.0
9886,80.0
9887,80.0
9888,80.0
9889,80.0
9890,80.0
9891,80.0
9892,80.0
9893,80.0
9894,80.0
9895,80.0
9896,80.0
9897,80.0
9898,80.0
9899,80.0
9900,80.0
9901,80.0
9902,80.0
9903,80.0
9904,80.0
9905,80.0
9906,80.0
9907,80.0
9908,80.0
9909,80.0
9910,80.0
9911,80.0
9912,80.0
9913,80.0
9914,80.0
9915,80.0
9916,80.0
9917,80.0
9918,80.0
9919,80.0
9920,80.0
9921,80.0
9922,80.0
9923,80.0
9924,-71.0
9925,80.0
9926,80.0
9927,80.0
9928,80.0
9929,80.0
9930,80.0
9931,80.0
9932,80.0
9933,80.0
9934,80.0
9935,80.0
9936,80.0
9937,80.0
9938,80.0
9939,80.0
9940,80.0
9941,80.0
9942,80.0
9943,80.0
9944,80.0
9945,80.0
9946,80.0
9947,80.0
9948,80.0
9949,80.0
9950,80.0
9951,80.0
9952,80.0
9953,80.0
9954,80.0
9955,80.0
9956,80.0
9957,80.0
9958,80.0
9959,80.0
9960,80.0
9961,80.0
9962,80.0
9963,80.0
9964,80.0
9965,80.0
9966,80.0
9967,80.0
9968,80.0
9969,80.0
9970,80.0
9971,80.0
9972,80.0
9973,80.0
9974,80.0
9975,80.0
9976,80.0
9977,80.0
9978,80.0
9979,80.0
9980,80.0
9981,80.0
9982,80.0
9983,80.0
9984,80.0
9985,80.0
9986,80.0
9987,80.0
9988,80.0
9989,80.0
9990,-33.0
9991,80.0
9992,80.0
9993,80.0
9994,80.0
9995,80.0
9996,80.0
9997,80.0
9998,80.0
9999,80.0
