0,-100.0
1,-100.0
2,-100.0
3,-100.0
4,-100.0
5,-100.0
6,-100.0
7,-100.0
8,-100.0
9,-100.0
10,-100.0
11,-100.0
12,-100.0
13,-100.0
14,-99.0
15,-99.0
16,-99.0
17,-99.0
18,-99.0
19,-99.0
20,-98.0
21,-98.0
22,-98.0
23,-98.0
24,-98.0
25,-98.0
26,-98.0
27,-98.0
28,-98.0
29,-98.0
30,-98.0
31,-98.0
32,-98.0
33,-98.0
34,-98.0
35,-98.0
36,-98.0
37,-98.0
38,-98.0
39,-98.0
40,-98.0
41,-98.0
42,-98.0
43,-98.0
44,-98.0
45,-98.0
46,-88.0
47,-88.0
48,-88.0
49,-88.0
50,-88.0
51,-88.0
52,-88.0
53,-88.0
54,-88.0
55,-88.0
56,-88.0
57,-88.0
58,-88.0
59,-88.0
60,-88.0
61,-87.0
62,-87.0
63,-86.0
64,-85.0
65,-85.0
66,-85.0
67,-85.0
68,-85.0
69,-84.0
70,-84.0
71,-84.0
72,-83.0
73,-83.0
74,-82.0
75,-82.0
76,-82.0
77,-82.0
78,-82.0
79,-82.0
80,-82.0
81,-81.0
82,-81.0
83,-81.0
84,-71.0
85,-71.0
86,-70.0
87,-70.0
88,-70.0
89,-70.0
90,-70.0
91,-70.0
92,-69.0
93,-69.0
94,-59.0
95,-59.0
96,-59.0
97,-59.0
98,-58.0
99,-58.0
100,-58.0
101,-57.0
102,-57.0
103,-57.0
104,-57.0
105,-57.0
106,-57.0
107,-57.0
108,-57.0
109,-57.0
110,-57.0
111,-57.0
112,-57.0
113,-57.0
114,-57.0
115,-57.0
116,-57.0
117,-57.0
118,-57.0
119,-57.0
120,-57.0
121,-57.0
122,-57.0
123,-57.0
124,-57.0
125,-57.0
126,-57.0
127,-57.0
128,-57.0
129,-57.0
130,-57.0
131,-57.0
132,-57.0
133,-57.0
134,-57.0
135,-57.0
136,-57.0
137,-57.0
138,-57.0
139,-57.0
140,-47.0
141,-47.0
142,-47.0
143,-47.0
144,-37.0
145,-37.0
146,-37.0
147,-37.0
148,-37.0
149,-37.0
150,-37.0
151,-37.0
152,-37.0
153,-37.0
154,-37.0
155,-37.0
156,-37.0
157,-37.0
158,-36.0
159,-36.0
160,-35.0
161,-35.0
162,-34.0
163,-34.0
164,-34.0
165,-34.0
166,-34.0
167,-34.0
168,-34.0
169,-34.0
170,-34.0
171,-34.0
172,-34.0
173,-34.0
174,-34.0
175,-34.0
176,-34.0
177,-34.0
178,-34.0
179,-34.0
180,-34.0
181,-34.0
182,-33.0
183,-33.0
184,-31.0
185,-31.0
186,79.0
187,79.0
188,79.0
189,79.0
190,79.0
191,79.0
192,79.0
193,79.0
194,79.0
195,79.0
196,79.0
197,79.0
198,79.0
199,79.0
200,79.0
201,79.0
202,79.0
203,79.0
204,79.0
205,79.0
206,79.0
207,79.0
208,79.0
209,79.0
210,79.0
211,79.0
212,79.0
213,79.0
214,79.0
215,79.0
216,79.0
217,79.0
218,79.0
219,79.0
220,79.0
221,79.0
222,79.0
223,79.0
224,79.0
225,79.0
226,79.0
227,79.0
228,79.0
229,79.0
230,79.0
231,79.0
232,79.0
233,79.0
234,79.0
235,79.0
236,79.0
237,79.0
238,79.0
239,79.0
240,79.0
241,79.0
242,79.0
243,79.0
244,79.0
245,79.0
246,79.0
247,79.0
248,79.0
249,79.0
250,79.0
251,79.0
252,79.0
253,79.0
254,79.0
255,79.0
256,79.0
257,79.0
258,79.0
259,79.0
260,79.0
261,79.0
262,79.0
263,79.0
264,79.0
265,79.0
266,79.0
267,79.0
268,79.0
269,79.0
270,79.0
271,79.0
272,79.0
273,79.0
274,79.0
275,79.0
276,79.0
277,79.0
278,79.0
279,79.0
280,79.0
281,79.0
282,79.0
283,79.0
284,79.0
285,79.0
286,79.0
287,79.0
288,79.0
289,79.0
290,79.0
291,79.0
292,79.0
293,79.0
294,79.0
295,79.0
296,79.0
297,79.0
298,79.0
299,79.0
300,79.0
301,79.0
302,79.0
303,79.0
304,79.0
305,79.0
306,79.0
307,79.0
308,79.0
309,79.0
310,79.0
311,79.0
312,79.0
313,79.0
314,79.0
315,79.0
316,79.0
317,79.0
318,79.0
319,79.0
320,79.0
321,79.0
322,79.0
323,79.0
324,79.0
325,79.0
326,79.0
327,79.0
328,79.0
329,79.0
330,79.0
331,79.0
332,79.0
333,79.0
334,79.0
335,79.0
336,79.0
337,79.0
338,79.0
339,79.0
340,79.0
341,79.0
342,79.0
343,79.0
344,79.0
345,79.0
346,79.0
347,79.0
348,79.0
349,79.0
350,79.0
351,79.0
352,79.0
353,79.0
354,79.0
355,79.0
356,79.0
357,79.0
358,79.0
359,79.0
360,79.0
361,79.0
362,79.0
363,79.0
364,79.0
365,79.0
366,79.0
367,79.0
368,79.0
369,79.0
370,79.0
371,79.0
372,79.0
373,79.0
374,79.0
375,79.0
376,79.0
377,79.0
378,79.0
379,79.0
380,79.0
381,79.0
382,79.0
383,79.0
384,79.0
385,79.0
386,79.0
387,79.0
388,79.0
389,79.0
390,79.0
391,79.0
392,79.0
393,79.0
394,79.0
395,79.0
396,79.0
397,79.0
398,79.0
399,79.0
400,79.0
401,79.0
402,79.0
403,79.0
404,79.0
405,79.0
406,79.0
407,79.0
408,79.0
409,79.0
410,79.0
411,79.0
412,79.0
413,79.0
414,79.0
415,79.0
416,79.0
417,79.0
418,79.0
419,79.0
420,79.0
421,79.0
422,79.0
423,79.0
424,79.0
425,79.0
426,79.0
427,79.0
428,79.0
429,79.0
430,79.0
431,79.0
432,79.0
433,79.0
434,79.0
435,79.0
436,79.0
437,79.0
438,79.0
439,79.0
440,79.0
441,79.0
442,79.0
443,79.0
444,79.0
445,79.0
446,79.0
447,79.0
448,79.0
449,79.0
450,79.0
451,79.0
452,79.0
453,79.0
454,79.0
455,79.0
456,79.0
457,79.0
458,79.0
459,79.0
460,79.0
461,79.0
462,79.0
463,79.0
464,79.0
465,79.0
466,79.0
467,79.0
468,79.0
469,79.0
470,79.0
471,79.0
472,79.0
473,79.0
474,79.0
475,79.0
476,79.0
477,79.0
478,79.0
479,79.0
480,79.0
481,79.0
482,79.0
483,79.0
484,79.0
485,79.0
486,79.0
487,79.0
488,79.0
489,79.0
490,79.0
491,79.0
492,79.0
493,79.0
494,79.0
495,79.0
496,79.0
497,79.0
498,79.0
499,79.0
500,79.0
501,79.0
502,79.0
503,79.0
504,79.0
505,79.0
506,79.0
507,79.0
508,79.0
509,79.0
510,79.0
511,79.0
512,79.0
513,79.0
514,79.0
515,79.0
516,79.0
517,79.0
518,79.0
519,79.0
520,79.0
521,79.0
522,79.0
523,79.0
524,79.0
525,79.0
526,79.0
527,79.0
528,79.0
529,79.0
530,79.0
531,79.0
532,79.0
533,79.0
534,79.0
535,79.0
536,79.0
537,79.0
538,79.0
539,79.0
540,79.0
541,79.0
542,79.0
543,79.0
544,79.0
545,79.0
546,79.0
547,79.0
548,79.0
549,79.0
550,79.0
551,79.0
552,79.0
553,79.0
554,79.0
555,79.0
556,79.0
557,79.0
558,79.0
559,79.0
560,79.0
561,79.0
562,79.0
563,79.0
564,79.0
565,79.0
566,79.0
567,79.0
568,79.0
569,79.0
570,79.0
571,79.0
572,79.0
573,79.0
574,79.0
575,79.0
576,79.0
577,79.0
578,79.0
579,79.0
580,79.0
581,79.0
582,79.0
583,79.0
584,79.0
585,79.0
586,79.0
587,79.0
588,79.0
589,79.0
590,79.0
591,79.0
592,79.0
593,79.0
594,79.0
595,79.0
596,79.0
597,79.0
598,79.0
599,79.0
600,79.0
601,79.0
602,79.0
603,79.0
604,79.0
605,79.0
606,79.0
607,79.0
608,79.0
609,79.0
610,79.0
611,79.0
612,79.0
613,79.0
614,79.0
615,79.0
616,79.0
617,79.0
618,79.0
619,79.0
620,79.0
621,79.0
622,79.0
623,79.0
624,79.0
625,79.0
626,79.0
627,79.0
628,79.0
629,79.0
630,79.0
631,79.0
632,79.0
633,79.0
634,79.0
635,79.0
636,79.0
637,79.0
638,79.0
639,79.0
640,79.0
641,79.0
642,79.0
643,79.0
644,79.0
645,79.0
646,79.0
647,79.0
648,79.0
649,79.0
650,79.0
651,79.0
652,79.0
653,79.0
654,79.0
655,79.0
656,79.0
657,79.0
658,79.0
659,79.0
660,79.0
661,79.0
662,79.0
663,79.0
664,79.0
665,79.0
666,79.0
667,79.0
668,79.0
669,79.0
670,79.0
671,79.0
672,79.0
673,79.0
674,79.0
675,79.0
676,79.0
677,79.0
678,79.0
679,79.0
680,79.0
681,79.0
682,79.0
683,79.0
684,79.0
685,79.0
686,79.0
687,79.0
688,79.0
689,79.0
690,79.0
691,79.0
692,79.0
693,79.0
694,79.0
695,79.0
696,79.0
697,79.0
698,79.0
699,79.0
700,79.0
701,79.0
702,79.0
703,79.0
704,79.0
705,79.0
706,79.0
707,79.0
708,79.0
709,79.0
710,79.0
711,79.0
712,79.0
713,79.0
714,79.0
715,79.0
716,79.0
717,79.0
718,79.0
719,79.0
720,79.0
721,79.0
722,79.0
723,79.0
724,79.0
725,79.0
726,79.0
727,79.0
728,79.0
729,79.0
730,79.0
731,79.0
732,79.0
733,79.0
734,79.0
735,79.0
736,79.0
737,79.0
738,79.0
739,79.0
740,79.0
741,79.0
742,79.0
743,79.0
744,79.0
745,79.0
746,79.0
747,79.0
748,79.0
749,79.0
750,79.0
751,79.0
752,79.0
753,79.0
754,79.0
755,79.0
756,79.0
757,79.0
758,79.0
759,79.0
760,79.0
761,79.0
762,79.0
763,79.0
764,79.0
765,79.0
766,79.0
767,79.0
768,79.0
769,79.0
770,79.0
771,79.0
772,79.0
773,79.0
774,79.0
775,79.0
776,79.0
777,79.0
778,79.0
779,79.0
780,79.0
781,79.0
782,79.0
783,79.0
784,79.0
785,79.0
786,79.0
787,79.0
788,79.0
789,79.0
790,79.0
791,79.0
792,79.0
793,79.0
794,79.0
795,79.0
796,79.0
797,79.0
798,79.0
799,79.0
800,79.0
801,79.0
802,79.0
803,79.0
804,79.0
805,79.0
806,79.0
807,79.0
808,79.0
809,79.0
810,79.0
811,79.0
812,79.0
813,79.0
814,79.0
815,79.0
816,79.0
817,79.0
818,79.0
819,79.0
820,79.0
821,79.0
822,79.0
823,79.0
824,79.0
825,79.0
826,79.0
827,79.0
828,79.0
829,79.0
830,79.0
831,79.0
832,79.0
833,79.0
834,79.0
835,79.0
836,79.0
837,79.0
838,79.0
839,79.0
840,79.0
841,79.0
842,79.0
843,79.0
844,79.0
845,79.0
846,79.0
847,79.0
848,79.0
849,79.0
850,79.0
851,79.0
852,79.0
853,79.0
854,79.0
855,79.0
856,79.0
857,79.0
858,79.0
859,79.0
860,79.0
861,79.0
862,79.0
863,79.0
864,79.0
865,79.0
866,79.0
867,79.0
868,79.0
869,79.0
870,79.0
871,79.0
872,79.0
873,79.0
874,79.0
875,79.0
876,79.0
877,79.0
878,79.0
879,79.0
880,79.0
881,79.0
882,79.0
883,79.0
884,79.0
885,79.0
886,79.0
887,79.0
888,79.0
889,79.0
890,79.0
891,79.0
892,79.0
893,79.0
894,79.0
895,79.0
896,79.0
897,79.0
898,79.0
899,79.0
900,79.0
901,79.0
902,79.0
903,79.0
904,79.0
905,79.0
906,79.0
907,79.0
908,79.0
909,79.0
910,79.0
911,79.0
912,79.0
913,79.0
914,79.0
915,79.0
916,79.0
917,79.0
918,79.0
919,79.0
920,79.0
921,79.0
922,79.0
923,79.0
924,79.0
925,79.0
926,79.0
927,79.0
928,79.0
929,79.0
930,79.0
931,79.0
932,79.0
933,79.0
934,79.0
935,79.0
936,79.0
937,79.0
938,79.0
939,79.0
940,79.0
941,79.0
942,79.0
943,79.0
944,79.0
945,79.0
946,79.0
947,79.0
948,79.0
949,79.0
950,79.0
951,79.0
952,79.0
953,79.0
954,79.0
955,79.0
956,79.0
957,79.0
958,79.0
959,79.0
960,79.0
961,79.0
962,79.0
963,79.0
964,79.0
965,79.0
966,79.0
967,79.0
968,79.0
969,79.0
970,79.0
971,79.0
972,79.0
973,79.0
974,79.0
975,79.0
976,79.0
977,79.0
978,79.0
979,79.0
980,79.0
981,79.0
982,79.0
983,79.0
984,79.0
985,79.0
986,79.0
987,79.0
988,79.0
989,79.0
990,79.0
991,79.0
992,79.0
993,79.0
994,79.0
995,79.0
996,79.0
997,79.0
998,79.0
999,79.0
